,ts_code,trade_date,exchange,pre_settle,pre_close,open,high,low,close,settle,vol,amount,oi
0,M1903-C-2600.DCE,20181212,DCE,256.5,256.5,256.5,271.5,256.5,271.5,262.5,0.004,104100.0,30.0
1,M1903-C-2650.DCE,20181212,DCE,214.5,214.5,212.5,212.5,212.5,212.5,220.5,0.003,63750.0,140.0
2,M1903-C-2700.DCE,20181212,DCE,175.5,175.5,171.0,186.0,171.0,185.5,182.0,0.0042,73570.0,180.0
3,M1903-C-2750.DCE,20181212,DCE,140.5,128.5,136.0,147.5,135.5,147.5,147.5,0.0044,60840.0,110.0
4,M1903-C-2800.DCE,20181212,DCE,110.0,110.0,103.0,115.5,103.0,114.5,117.0,0.0054,58550.0,306.0
5,M1903-C-2850.DCE,20181212,DCE,84.0,80.0,80.0,89.0,72.0,89.0,91.0,0.1168,984850.0,2368.0
6,M1903-C-2900.DCE,20181212,DCE,62.5,59.0,55.5,66.0,53.5,65.0,69.0,0.147,877760.0,2268.0
7,M1903-C-2950.DCE,20181212,DCE,45.5,39.0,44.0,49.5,39.5,49.5,51.0,0.02,84910.0,2182.0
8,M1903-C-3000.DCE,20181212,DCE,32.0,32.5,32.0,37.0,29.0,37.0,37.0,0.1204,394520.0,5518.0
9,M1903-C-3050.DCE,20181212,DCE,22.0,23.5,22.5,27.5,21.5,27.5,26.0,0.043,100670.0,3870.0
10,M1903-C-3100.DCE,20181212,DCE,14.5,17.0,17.0,21.0,16.5,21.0,18.0,0.0232,42190.0,2022.0
11,M1903-C-3150.DCE,20181212,DCE,9.5,13.0,13.0,16.0,13.0,16.0,12.0,0.0794,113910.0,1328.0
12,M1903-C-3200.DCE,20181212,DCE,6.0,10.0,10.0,12.5,10.0,12.5,8.0,0.0558,63970.0,2420.0
13,M1903-C-3250.DCE,20181212,DCE,3.5,7.5,7.5,10.0,7.5,10.0,5.0,0.165,153530.0,4970.0
14,M1903-C-3300.DCE,20181212,DCE,2.0,6.5,7.0,8.0,7.0,8.0,3.0,0.0458,35040.0,2026.0
15,M1903-C-3350.DCE,20181212,DCE,1.0,5.5,6.5,6.5,6.0,6.5,2.0,0.0086,5550.0,1016.0
16,M1903-C-3400.DCE,20181212,DCE,0.5,4.5,5.5,5.5,5.5,5.5,1.0,0.0026,1430.0,1124.0
17,M1903-C-3450.DCE,20181212,DCE,0.5,4.5,4.5,4.5,4.5,4.5,0.5,0.0096,4320.0,3474.0
18,M1903-C-3500.DCE,20181212,DCE,0.5,3.5,3.5,4.0,3.5,4.0,0.5,0.0044,1710.0,4328.0
19,M1903-C-3550.DCE,20181212,DCE,0.5,3.0,3.5,3.5,3.5,3.5,0.5,0.0014,490.0,880.0
20,M1903-C-3600.DCE,20181212,DCE,0.5,3.0,3.0,3.0,3.0,3.0,0.5,0.0006,180.0,1976.0
21,M1903-C-3650.DCE,20181212,DCE,0.5,2.5,2.5,2.5,2.5,2.5,0.5,0.06,15000.0,6806.0
22,M1903-P-2600.DCE,20181212,DCE,12.0,9.0,10.0,11.0,9.5,9.5,14.0,0.0028,2710.0,610.0
23,M1903-P-2650.DCE,20181212,DCE,19.5,16.0,15.0,15.0,14.0,15.0,22.0,0.0176,25850.0,702.0
24,M1903-P-2700.DCE,20181212,DCE,31.0,24.5,22.5,24.0,22.5,23.5,33.5,0.0048,11210.0,862.0
25,M1903-P-2750.DCE,20181212,DCE,46.0,35.0,35.5,36.5,34.5,34.5,49.0,0.0038,13390.0,780.0
26,M1903-P-2800.DCE,20181212,DCE,65.0,52.5,51.5,54.0,50.5,50.5,68.0,0.0042,22280.0,2672.0
27,M1903-P-2850.DCE,20181212,DCE,89.0,75.0,79.0,79.5,72.5,75.0,92.0,0.1692,1277320.0,2412.0
28,M1903-P-2900.DCE,20181212,DCE,117.5,100.5,107.0,107.0,101.0,101.0,120.0,0.0052,54680.0,1544.0
29,M1903-P-2950.DCE,20181212,DCE,150.0,150.0,144.0,144.5,134.0,134.0,152.0,0.0046,64440.0,400.0
30,M1903-P-3000.DCE,20181212,DCE,186.5,173.0,181.5,183.5,172.5,174.5,187.5,0.0094,163540.0,1330.0
31,M1903-P-3050.DCE,20181212,DCE,226.5,226.5,223.0,223.0,223.0,223.0,227.0,0.003,66900.0,2162.0
32,M1903-P-3100.DCE,20181212,DCE,269.5,277.5,267.5,268.0,261.0,261.0,268.5,0.0044,117590.0,2212.0
33,M1903-P-3150.DCE,20181212,DCE,314.0,314.0,314.0,314.0,314.0,314.0,312.5,0.003,94200.0,2124.0
34,M1903-P-3200.DCE,20181212,DCE,360.5,360.5,362.0,362.0,348.5,348.5,358.5,0.004,143450.0,320.0
35,M1903-P-3250.DCE,20181212,DCE,408.0,422.5,409.5,409.5,396.0,396.0,405.5,0.0058,235020.0,282.0
36,M1903-P-3300.DCE,20181212,DCE,457.0,457.0,457.5,457.5,443.0,443.0,453.5,0.0038,170430.0,344.0
37,M1903-P-3350.DCE,20181212,DCE,506.0,506.0,507.0,507.0,492.0,492.0,502.5,0.0052,262110.0,206.0
38,M1903-P-3400.DCE,20181212,DCE,555.5,555.5,555.5,556.0,541.0,541.0,552.0,0.0048,265200.0,216.0
39,M1903-P-3450.DCE,20181212,DCE,605.0,605.0,604.0,604.0,603.5,603.5,601.5,0.0032,193150.0,168.0
40,M1903-P-3500.DCE,20181212,DCE,655.0,655.0,653.0,654.0,639.0,639.0,651.0,0.0048,312150.0,140.0
41,M1903-P-3550.DCE,20181212,DCE,705.0,705.0,703.5,703.5,703.0,703.0,701.0,0.0024,168750.0,90.0
42,M1903-P-3600.DCE,20181212,DCE,755.0,755.0,753.5,753.5,753.0,753.0,751.0,0.0012,90390.0,78.0
43,M1903-P-3650.DCE,20181212,DCE,805.0,805.0,803.5,803.5,803.0,803.0,801.0,0.0012,96390.0,54.0
44,M1905-C-2450.DCE,20181212,DCE,258.5,254.5,251.0,274.5,251.0,274.5,262.5,0.0068,181910.0,440.0
45,M1905-C-2500.DCE,20181212,DCE,220.5,216.0,211.0,232.0,210.0,232.0,224.5,0.0078,166900.0,732.0
46,M1905-C-2550.DCE,20181212,DCE,185.5,183.0,177.0,195.0,177.0,195.0,189.0,0.0028,50600.0,898.0
47,M1905-C-2600.DCE,20181212,DCE,154.0,151.0,140.5,165.0,139.0,162.5,157.0,0.0264,415570.0,986.0
48,M1905-C-2650.DCE,20181212,DCE,126.0,124.5,124.5,136.5,114.5,136.5,128.5,0.0402,518190.0,2792.0
49,M1905-C-2700.DCE,20181212,DCE,101.5,102.5,100.0,111.0,93.0,110.0,104.0,0.1034,1075540.0,7810.0
50,M1905-C-2750.DCE,20181212,DCE,80.5,83.0,82.5,91.0,75.0,89.5,83.0,0.0822,710510.0,7004.0
51,M1905-C-2800.DCE,20181212,DCE,63.0,67.0,66.5,73.0,61.0,72.0,65.0,0.0608,414640.0,8466.0
52,M1905-C-2850.DCE,20181212,DCE,48.5,53.0,53.5,59.5,48.5,58.0,50.0,0.1094,593880.0,9298.0
53,M1905-C-2900.DCE,20181212,DCE,37.0,42.0,42.0,47.5,38.0,47.0,38.0,0.2042,916880.0,8986.0
54,M1905-C-2950.DCE,20181212,DCE,27.5,34.5,33.0,37.5,30.5,37.0,28.5,0.0688,233570.0,9196.0
55,M1905-C-3000.DCE,20181212,DCE,20.5,27.5,28.0,30.5,24.5,30.0,21.0,0.0544,150580.0,13386.0
56,M1905-C-3050.DCE,20181212,DCE,15.0,22.0,21.0,24.0,19.0,24.0,15.5,0.0552,123590.0,9398.0
57,M1905-C-3100.DCE,20181212,DCE,10.5,17.5,16.0,19.0,16.0,19.0,11.0,0.011,19090.0,4922.0
58,M1905-C-3150.DCE,20181212,DCE,7.5,13.5,13.5,15.5,12.5,15.0,8.0,0.1396,208990.0,15544.0
59,M1905-C-3200.DCE,20181212,DCE,5.0,11.5,11.0,13.5,11.0,13.5,5.5,0.0824,108520.0,8572.0
60,M1905-C-3250.DCE,20181212,DCE,3.5,10.0,10.0,11.5,9.0,11.5,3.5,0.0788,83550.0,11784.0
61,M1905-P-2450.DCE,20181212,DCE,27.5,20.0,20.0,23.0,16.5,17.5,26.5,0.1212,228580.0,2902.0
62,M1905-P-2500.DCE,20181212,DCE,39.0,31.0,30.0,34.5,26.5,27.0,38.0,0.1306,370740.0,9614.0
63,M1905-P-2550.DCE,20181212,DCE,54.0,44.5,47.5,50.5,39.0,39.0,52.5,0.067,275630.0,6596.0
64,M1905-P-2600.DCE,20181212,DCE,72.0,65.0,63.5,71.0,56.0,57.0,70.5,0.3068,1835450.0,13616.0
65,M1905-P-2650.DCE,20181212,DCE,94.0,87.0,85.0,96.0,76.0,77.5,92.0,0.107,900850.0,7362.0
66,M1905-P-2700.DCE,20181212,DCE,119.5,111.0,111.5,120.0,100.0,103.5,117.0,0.1582,1695800.0,17198.0
67,M1905-P-2750.DCE,20181212,DCE,148.5,145.5,141.5,154.0,130.0,132.5,145.5,0.054,722960.0,14488.0
68,M1905-P-2800.DCE,20181212,DCE,180.5,176.0,185.5,185.5,163.0,164.0,177.5,0.0118,197040.0,8136.0
69,M1905-P-2850.DCE,20181212,DCE,216.0,216.0,213.0,228.0,199.0,200.0,212.5,0.0138,285650.0,4024.0
70,M1905-P-2900.DCE,20181212,DCE,254.0,259.5,252.5,266.0,239.5,241.0,250.5,0.0158,397220.0,6716.0
71,M1905-P-2950.DCE,20181212,DCE,294.5,295.5,296.5,304.5,275.5,277.0,290.5,0.0096,277010.0,2706.0
72,M1905-P-3000.DCE,20181212,DCE,337.5,345.0,343.5,347.5,323.5,323.5,333.0,0.0168,573770.0,1488.0
73,M1905-P-3050.DCE,20181212,DCE,381.5,376.5,392.5,392.5,367.5,367.5,377.5,0.0086,332430.0,982.0
74,M1905-P-3100.DCE,20181212,DCE,427.5,439.5,429.5,438.5,412.0,412.0,423.0,0.0088,378780.0,1058.0
75,M1905-P-3150.DCE,20181212,DCE,474.0,467.5,492.5,492.5,463.0,463.0,469.5,0.0024,116010.0,694.0
76,M1905-P-3200.DCE,20181212,DCE,522.0,511.5,505.0,505.0,505.0,505.0,517.0,0.0002,10100.0,1532.0
77,M1905-P-3250.DCE,20181212,DCE,570.5,573.5,575.5,575.5,560.0,560.0,565.5,0.0024,137500.0,1300.0
78,M1907-C-2450.DCE,20181212,DCE,274.0,274.0,270.0,270.0,268.0,268.0,269.0,0.0012,32280.0,2.0
79,M1907-C-2500.DCE,20181212,DCE,238.5,238.5,,,,233.0,233.0,0.0,0.0,0.0
80,M1907-C-2550.DCE,20181212,DCE,205.5,205.5,,,,200.0,200.0,0.0,0.0,0.0
81,M1907-C-2600.DCE,20181212,DCE,175.5,175.5,,,,170.0,170.0,0.0,0.0,0.0
82,M1907-C-2650.DCE,20181212,DCE,148.5,148.5,,,,143.0,143.0,0.0,0.0,100.0
83,M1907-C-2700.DCE,20181212,DCE,124.5,124.5,,,,119.0,119.0,0.0,0.0,100.0
84,M1907-C-2750.DCE,20181212,DCE,103.5,103.5,,,,98.5,98.5,0.0,0.0,42.0
85,M1907-C-2800.DCE,20181212,DCE,85.5,85.5,,,,80.5,80.5,0.0,0.0,100.0
86,M1907-C-2850.DCE,20181212,DCE,69.5,69.5,,,,65.0,65.0,0.0,0.0,136.0
87,M1907-C-2900.DCE,20181212,DCE,56.0,56.0,,,,52.0,52.0,0.0,0.0,150.0
88,M1907-C-2950.DCE,20181212,DCE,45.0,45.0,,,,41.5,41.5,0.0,0.0,160.0
89,M1907-C-3000.DCE,20181212,DCE,36.0,36.0,,,,32.5,32.5,0.0,0.0,82.0
90,M1907-C-3050.DCE,20181212,DCE,28.0,28.0,,,,25.0,25.0,0.0,0.0,168.0
91,M1907-C-3100.DCE,20181212,DCE,22.0,22.0,,,,19.5,19.5,0.0,0.0,146.0
92,M1907-C-3150.DCE,20181212,DCE,17.0,17.0,,,,15.0,15.0,0.0,0.0,184.0
93,M1907-C-3200.DCE,20181212,DCE,13.0,13.0,,,,11.0,11.0,0.0,0.0,242.0
94,M1907-P-2450.DCE,20181212,DCE,44.5,44.5,,,,42.0,42.0,0.0,0.0,0.0
95,M1907-P-2500.DCE,20181212,DCE,58.5,58.5,,,,56.0,56.0,0.0,0.0,60.0
96,M1907-P-2550.DCE,20181212,DCE,75.0,75.0,,,,72.5,72.5,0.0,0.0,140.0
97,M1907-P-2600.DCE,20181212,DCE,95.0,95.0,,,,92.5,92.5,0.0,0.0,340.0
98,M1907-P-2650.DCE,20181212,DCE,118.0,118.0,,,,115.5,115.5,0.0,0.0,632.0
99,M1907-P-2700.DCE,20181212,DCE,143.5,143.5,,,,141.0,141.0,0.0,0.0,480.0
100,M1907-P-2750.DCE,20181212,DCE,172.0,172.0,,,,170.0,170.0,0.0,0.0,184.0
101,M1907-P-2800.DCE,20181212,DCE,203.5,203.5,,,,201.5,201.5,0.0,0.0,74.0
102,M1907-P-2850.DCE,20181212,DCE,237.5,237.5,,,,236.0,236.0,0.0,0.0,56.0
103,M1907-P-2900.DCE,20181212,DCE,274.0,274.0,,,,273.0,273.0,0.0,0.0,60.0
104,M1907-P-2950.DCE,20181212,DCE,312.5,312.5,,,,312.0,312.0,0.0,0.0,66.0
105,M1907-P-3000.DCE,20181212,DCE,353.0,353.0,,,,353.0,353.0,0.0,0.0,104.0
106,M1907-P-3050.DCE,20181212,DCE,395.5,395.5,,,,395.5,395.5,0.0,0.0,114.0
107,M1907-P-3100.DCE,20181212,DCE,439.0,439.0,,,,439.5,439.5,0.0,0.0,134.0
108,M1907-P-3150.DCE,20181212,DCE,484.0,484.0,,,,484.5,484.5,0.0,0.0,44.0
109,M1907-P-3200.DCE,20181212,DCE,529.5,529.5,,,,531.0,531.0,0.0,0.0,60.0
110,M1908-C-2450.DCE,20181212,DCE,295.0,295.0,,,,311.5,311.5,0.0,0.0,0.0
111,M1908-C-2500.DCE,20181212,DCE,259.5,259.5,,,,276.0,276.0,0.0,0.0,0.0
112,M1908-C-2550.DCE,20181212,DCE,226.5,226.5,,,,243.0,243.0,0.0,0.0,20.0
113,M1908-C-2600.DCE,20181212,DCE,196.0,196.0,,,,212.5,212.5,0.0,0.0,0.0
114,M1908-C-2650.DCE,20181212,DCE,168.5,168.5,,,,184.5,184.5,0.0,0.0,20.0
115,M1908-C-2700.DCE,20181212,DCE,144.0,144.0,,,,159.5,159.5,0.0,0.0,60.0
116,M1908-C-2750.DCE,20181212,DCE,122.0,122.0,,,,136.5,136.5,0.0,0.0,40.0
117,M1908-C-2800.DCE,20181212,DCE,102.5,102.5,,,,116.5,116.5,0.0,0.0,76.0
118,M1908-C-2850.DCE,20181212,DCE,85.5,80.0,,,,98.5,98.5,0.0,0.0,44.0
119,M1908-C-2900.DCE,20181212,DCE,70.5,70.5,,,,83.0,83.0,0.0,0.0,60.0
120,M1908-C-2950.DCE,20181212,DCE,58.0,58.0,,,,69.5,69.5,0.0,0.0,24.0
121,M1908-C-3000.DCE,20181212,DCE,47.5,47.5,,,,57.5,57.5,0.0,0.0,100.0
122,M1908-C-3050.DCE,20181212,DCE,38.5,38.5,,,,47.5,47.5,0.0,0.0,64.0
123,M1908-C-3100.DCE,20181212,DCE,31.0,35.0,,,,39.0,39.0,0.0,0.0,100.0
124,M1908-C-3150.DCE,20181212,DCE,24.5,24.5,32.0,32.0,32.0,32.0,32.0,0.0002,640.0,116.0
125,M1908-P-2450.DCE,20181212,DCE,48.5,48.5,,,,52.0,52.0,0.0,0.0,100.0
126,M1908-P-2500.DCE,20181212,DCE,62.5,62.5,,,,66.5,66.5,0.0,0.0,120.0
127,M1908-P-2550.DCE,20181212,DCE,79.5,79.5,,,,83.0,83.0,0.0,0.0,126.0
128,M1908-P-2600.DCE,20181212,DCE,99.0,99.0,,,,102.0,102.0,0.0,0.0,192.0
129,M1908-P-2650.DCE,20181212,DCE,121.0,121.0,,,,124.0,124.0,0.0,0.0,128.0
130,M1908-P-2700.DCE,20181212,DCE,146.0,146.0,,,,148.5,148.5,0.0,0.0,70.0
131,M1908-P-2750.DCE,20181212,DCE,173.5,173.5,,,,175.5,175.5,0.0,0.0,40.0
132,M1908-P-2800.DCE,20181212,DCE,204.0,204.0,,,,205.0,205.0,0.0,0.0,20.0
133,M1908-P-2850.DCE,20181212,DCE,236.5,236.5,,,,236.5,236.5,0.0,0.0,40.0
134,M1908-P-2900.DCE,20181212,DCE,271.5,271.5,,,,270.5,270.5,0.0,0.0,20.0
135,M1908-P-2950.DCE,20181212,DCE,308.5,308.5,,,,307.0,307.0,0.0,0.0,0.0
136,M1908-P-3000.DCE,20181212,DCE,347.5,347.5,,,,344.5,344.5,0.0,0.0,0.0
137,M1908-P-3050.DCE,20181212,DCE,388.5,388.5,,,,384.5,384.5,0.0,0.0,20.0
138,M1908-P-3100.DCE,20181212,DCE,430.5,430.5,,,,425.5,425.5,0.0,0.0,20.0
139,M1908-P-3150.DCE,20181212,DCE,474.0,474.0,,,,468.0,468.0,0.0,0.0,60.0
140,M1909-C-2450.DCE,20181212,DCE,312.0,312.0,316.0,316.0,316.0,316.0,309.0,0.0012,37920.0,16.0
141,M1909-C-2500.DCE,20181212,DCE,275.5,275.5,280.5,280.5,280.0,280.0,272.0,0.0026,72880.0,58.0
142,M1909-C-2550.DCE,20181212,DCE,241.0,241.0,,,,238.0,238.0,0.0,0.0,52.0
143,M1909-C-2600.DCE,20181212,DCE,209.5,209.5,,,,206.0,206.0,0.0,0.0,38.0
144,M1909-C-2650.DCE,20181212,DCE,181.0,184.0,,,,177.0,177.0,0.0,0.0,86.0
145,M1909-C-2700.DCE,20181212,DCE,155.0,152.0,147.5,158.5,147.5,158.5,151.0,0.0008,12270.0,286.0
146,M1909-C-2750.DCE,20181212,DCE,132.0,130.5,133.0,141.5,133.0,141.5,128.0,0.0038,51980.0,208.0
147,M1909-C-2800.DCE,20181212,DCE,111.0,113.5,119.5,119.5,119.5,119.5,107.0,0.0004,4780.0,106.0
148,M1909-C-2850.DCE,20181212,DCE,93.0,98.0,101.0,101.5,101.0,101.5,89.0,0.0006,6070.0,166.0
149,M1909-C-2900.DCE,20181212,DCE,77.5,77.5,,,,73.5,73.5,0.0,0.0,400.0
150,M1909-C-2950.DCE,20181212,DCE,63.5,72.5,,,,60.5,60.5,0.0,0.0,238.0
151,M1909-C-3000.DCE,20181212,DCE,52.0,63.5,64.5,64.5,64.5,64.5,49.0,0.0004,2580.0,1090.0
152,M1909-C-3050.DCE,20181212,DCE,42.5,42.5,57.0,57.0,57.0,57.0,39.5,0.0018,10260.0,132.0
153,M1909-C-3100.DCE,20181212,DCE,34.0,46.0,,,,31.5,31.5,0.0,0.0,342.0
154,M1909-C-3150.DCE,20181212,DCE,27.5,41.0,40.5,42.0,40.5,42.0,25.0,0.0004,1650.0,1192.0
155,M1909-P-2450.DCE,20181212,DCE,43.0,34.5,35.5,35.5,33.0,33.0,40.0,0.0004,1370.0,880.0
156,M1909-P-2500.DCE,20181212,DCE,56.0,48.0,45.0,45.0,45.0,45.0,53.0,0.0002,900.0,880.0
157,M1909-P-2550.DCE,20181212,DCE,71.5,65.0,65.0,65.0,59.5,59.5,68.0,0.0006,3790.0,1794.0
158,M1909-P-2600.DCE,20181212,DCE,89.5,79.5,82.5,82.5,77.5,78.0,86.0,0.0108,85850.0,582.0
159,M1909-P-2650.DCE,20181212,DCE,110.5,110.5,100.0,100.0,99.5,100.0,106.5,0.0064,63800.0,324.0
160,M1909-P-2700.DCE,20181212,DCE,134.0,134.0,124.5,125.5,124.5,125.5,130.5,0.0004,5000.0,438.0
161,M1909-P-2750.DCE,20181212,DCE,160.5,160.5,161.0,161.0,161.0,161.0,156.5,0.0016,25760.0,196.0
162,M1909-P-2800.DCE,20181212,DCE,189.5,187.0,192.5,192.5,183.0,183.0,185.5,0.0012,22150.0,196.0
163,M1909-P-2850.DCE,20181212,DCE,221.0,225.0,227.0,229.0,213.5,213.5,217.5,0.0006,13390.0,354.0
164,M1909-P-2900.DCE,20181212,DCE,255.0,255.0,,,,251.5,251.5,0.0,0.0,52.0
165,M1909-P-2950.DCE,20181212,DCE,291.0,291.0,,,,287.5,287.5,0.0,0.0,108.0
166,M1909-P-3000.DCE,20181212,DCE,329.0,329.0,323.0,323.0,323.0,323.0,326.0,0.0004,12920.0,50.0
167,M1909-P-3050.DCE,20181212,DCE,369.0,369.0,,,,366.0,366.0,0.0,0.0,2.0
168,M1909-P-3100.DCE,20181212,DCE,410.5,410.5,405.5,405.5,405.5,405.5,408.0,0.0006,24330.0,46.0
169,M1909-P-3150.DCE,20181212,DCE,453.5,453.5,446.0,446.0,446.0,446.0,451.5,0.0006,26760.0,6.0
170,M1911-C-2500.DCE,20181212,DCE,316.5,316.5,,,,285.0,285.0,0.0,0.0,0.0
171,M1911-C-2550.DCE,20181212,DCE,283.5,283.5,,,,250.0,250.0,0.0,0.0,0.0
172,M1911-C-2600.DCE,20181212,DCE,253.5,253.5,,,,217.5,217.5,0.0,0.0,0.0
173,M1911-C-2650.DCE,20181212,DCE,225.0,225.0,,,,188.0,188.0,0.0,0.0,0.0
174,M1911-C-2700.DCE,20181212,DCE,199.0,199.0,,,,161.0,161.0,0.0,0.0,0.0
175,M1911-C-2750.DCE,20181212,DCE,175.5,175.5,,,,137.0,137.0,0.0,0.0,0.0
176,M1911-C-2800.DCE,20181212,DCE,153.5,153.5,,,,115.5,115.5,0.0,0.0,0.0
177,M1911-C-2850.DCE,20181212,DCE,134.0,134.0,,,,97.0,97.0,0.0,0.0,0.0
178,M1911-C-2900.DCE,20181212,DCE,116.5,116.5,,,,80.5,80.5,0.0,0.0,0.0
179,M1911-C-2950.DCE,20181212,DCE,101.0,101.0,,,,66.5,66.5,0.0,0.0,0.0
180,M1911-C-3000.DCE,20181212,DCE,87.0,87.0,,,,54.0,54.0,0.0,0.0,0.0
181,M1911-C-3050.DCE,20181212,DCE,74.5,74.5,,,,44.0,44.0,0.0,0.0,80.0
182,M1911-C-3100.DCE,20181212,DCE,64.0,64.0,,,,35.5,35.5,0.0,0.0,82.0
183,M1911-P-2500.DCE,20181212,DCE,78.5,78.5,50.5,50.5,50.5,50.5,50.5,0.0002,1010.0,22.0
184,M1911-P-2550.DCE,20181212,DCE,95.5,95.5,,,,65.0,65.0,0.0,0.0,0.0
185,M1911-P-2600.DCE,20181212,DCE,114.5,114.5,,,,82.0,82.0,0.0,0.0,20.0
186,M1911-P-2650.DCE,20181212,DCE,136.0,136.0,,,,102.0,102.0,0.0,0.0,20.0
187,M1911-P-2700.DCE,20181212,DCE,159.5,159.5,,,,124.5,124.5,0.0,0.0,20.0
188,M1911-P-2750.DCE,20181212,DCE,185.5,185.5,,,,150.0,150.0,0.0,0.0,20.0
189,M1911-P-2800.DCE,20181212,DCE,213.0,213.0,,,,178.0,178.0,0.0,0.0,20.0
190,M1911-P-2850.DCE,20181212,DCE,243.0,243.0,,,,209.0,209.0,0.0,0.0,20.0
191,M1911-P-2900.DCE,20181212,DCE,275.0,275.0,,,,242.0,242.0,0.0,0.0,20.0
192,M1911-P-2950.DCE,20181212,DCE,309.0,309.0,,,,277.5,277.5,0.0,0.0,20.0
193,M1911-P-3000.DCE,20181212,DCE,344.5,344.5,,,,315.0,315.0,0.0,0.0,20.0
194,M1911-P-3050.DCE,20181212,DCE,382.0,382.0,,,,354.5,354.5,0.0,0.0,20.0
195,M1911-P-3100.DCE,20181212,DCE,420.5,420.5,,,,395.5,395.5,0.0,0.0,0.0
