,ts_code,trade_date,exchange,pre_settle,pre_close,open,high,low,close,settle,vol,amount,oi
0,10001313.SH,20181212,SSE,0.0311,0.0312,0.0355,0.0368,0.0293,0.0309,0.0307,3.8354,12614354.72,98882.0
1,10001314.SH,20181212,SSE,0.0156,0.0157,0.017,0.019,0.0142,0.015,0.015,1.4472,2349332.88,79980.0
2,10001315.SH,20181212,SSE,0.0073,0.0073,0.0076,0.0085,0.006,0.0062,0.0062,1.0092,693117.76,72370.0
3,10001316.SH,20181212,SSE,0.0028,0.0028,0.0029,0.0042,0.0024,0.0027,0.0027,0.5434,161072.24,55117.0
4,10001317.SH,20181212,SSE,0.0015,0.0015,0.0015,0.0018,0.0012,0.0013,0.0013,0.424,57989.19,61746.0
5,10001318.SH,20181212,SSE,0.0009,0.0009,0.0009,0.0012,0.0008,0.0008,0.0008,0.2067,20700.88,37674.0
6,10001319.SH,20181212,SSE,0.0007,0.0007,0.0007,0.0009,0.0006,0.0006,0.0006,0.2592,18641.09,36807.0
7,10001320.SH,20181212,SSE,0.0005,0.0005,0.0005,0.0007,0.0004,0.0005,0.0005,0.1892,11407.88,36796.0
8,10001321.SH,20181212,SSE,0.0003,0.0003,0.0003,0.0005,0.0002,0.0003,0.0003,0.0735,2908.59,37448.0
9,10001322.SH,20181212,SSE,0.0607,0.0603,0.0536,0.058,0.0495,0.0538,0.0546,2.0206,11038223.25,50252.0
10,10001323.SH,20181212,SSE,0.0959,0.0948,0.0871,0.0925,0.0819,0.0885,0.0893,0.7035,6246015.35,31981.0
11,10001324.SH,20181212,SSE,0.136,0.136,0.1271,0.1331,0.12,0.1292,0.13,0.4203,5431674.37,13731.0
12,10001325.SH,20181212,SSE,0.185,0.1811,0.1729,0.1789,0.1653,0.1735,0.179,0.1821,3171390.66,7266.0
13,10001326.SH,20181212,SSE,0.234,0.2287,0.2204,0.2268,0.2126,0.2268,0.228,0.1869,4183049.55,8477.0
14,10001327.SH,20181212,SSE,0.283,0.279,0.2694,0.2741,0.2616,0.2705,0.277,0.0189,518174.88,3528.0
15,10001328.SH,20181212,SSE,0.332,0.327,0.317,0.324,0.31,0.3192,0.326,0.0983,3201976.26,4481.0
16,10001329.SH,20181212,SSE,0.381,0.3737,0.3624,0.3728,0.36,0.3682,0.375,0.0232,868751.31,2373.0
17,10001330.SH,20181212,SSE,0.43,0.4225,0.412,0.4225,0.4076,0.4175,0.424,0.0179,760996.77,2589.0
18,10001331.SH,20181212,SSE,0.0535,0.0535,0.0596,0.062,0.0519,0.0545,0.0545,2.3744,13565902.4,39782.0
19,10001332.SH,20181212,SSE,0.0342,0.0342,0.0296,0.0321,0.0262,0.0299,0.0299,2.1941,6496590.75,50932.0
20,10001333.SH,20181212,SSE,0.0003,0.0004,0.0006,0.0008,0.0002,0.0003,0.0003,0.1856,7219.96,64909.0
21,10001334.SH,20181212,SSE,0.479,0.4739,0.467,0.4704,0.2377,0.4661,0.473,0.0271,1280427.52,7663.0
22,10001359.SH,20181212,SSE,0.0837,0.0837,0.0935,0.096,0.0841,0.0874,0.0874,0.9219,8390565.53,18607.0
23,10001360.SH,20181212,SSE,0.0158,0.0158,0.0139,0.0147,0.0113,0.0137,0.0137,1.7764,2333339.21,57561.0
24,10001369.SH,20181212,SSE,0.1235,0.1235,0.1314,0.1375,0.124,0.1279,0.1279,0.3404,4548349.5,7431.0
25,10001370.SH,20181212,SSE,0.0062,0.0062,0.0055,0.006,0.0042,0.0056,0.0056,0.955,477806.59,59702.0
26,10001377.SH,20181212,SSE,0.169,0.1686,0.1761,0.1889,0.1692,0.173,0.1732,0.162,2905641.82,7140.0
27,10001378.SH,20181212,SSE,0.0022,0.0022,0.0013,0.0024,0.0013,0.0021,0.0021,0.4079,82705.57,52903.0
28,10001383.SH,20181212,SSE,0.2164,0.2164,0.2232,0.2308,0.2164,0.2207,0.2207,0.0361,824946.98,3007.0
29,10001384.SH,20181212,SSE,0.0013,0.0013,0.0012,0.0013,0.0008,0.0011,0.0011,0.8648,89322.59,36330.0
30,10001411.SH,20181212,SSE,0.2648,0.2648,0.2701,0.2799,0.2651,0.2685,0.2685,0.2851,7929246.39,7495.0
31,10001412.SH,20181212,SSE,0.0006,0.0006,0.0006,0.0008,0.0004,0.0007,0.0006,0.2341,13194.25,60298.0
32,10001417.SH,20181212,SSE,0.1619,0.1608,0.1693,0.1697,0.162,0.166,0.1641,0.0125,209288.93,2427.0
33,10001418.SH,20181212,SSE,0.1322,0.1311,0.1392,0.1418,0.1321,0.1339,0.1339,0.0094,129449.1,4811.0
34,10001419.SH,20181212,SSE,0.1081,0.1078,0.113,0.1143,0.1061,0.1091,0.1085,0.0452,514608.26,7862.0
35,10001420.SH,20181212,SSE,0.0848,0.0848,0.0897,0.0905,0.0849,0.0858,0.0857,0.0102,90547.85,6080.0
36,10001421.SH,20181212,SSE,0.0673,0.0672,0.0699,0.0715,0.0651,0.0667,0.0668,0.0662,455614.18,8168.0
37,10001422.SH,20181212,SSE,0.0513,0.0513,0.0543,0.0553,0.0501,0.0516,0.0518,0.028,149485.83,5579.0
38,10001423.SH,20181212,SSE,0.0388,0.0388,0.0411,0.0416,0.0381,0.039,0.039,0.0444,177549.49,6476.0
39,10001424.SH,20181212,SSE,0.0291,0.0288,0.0304,0.031,0.0283,0.0286,0.0286,0.0365,110906.96,5784.0
40,10001425.SH,20181212,SSE,0.0212,0.0212,0.0213,0.0228,0.0202,0.0207,0.0207,0.072,159113.45,14908.0
41,10001426.SH,20181212,SSE,0.0615,0.0623,0.0582,0.0603,0.0559,0.0585,0.0585,0.0184,108958.38,5491.0
42,10001427.SH,20181212,SSE,0.081,0.0816,0.0771,0.0795,0.0745,0.077,0.0776,0.0141,109901.05,4605.0
43,10001428.SH,20181212,SSE,0.1044,0.1044,0.0993,0.1023,0.093,0.1001,0.1011,0.0255,259788.83,3256.0
44,10001429.SH,20181212,SSE,0.1314,0.1336,0.1255,0.1299,0.124,0.1275,0.1269,0.0079,102445.42,2625.0
45,10001430.SH,20181212,SSE,0.1613,0.1629,0.1542,0.1616,0.1528,0.1616,0.1616,0.0087,137447.47,3765.0
46,10001431.SH,20181212,SSE,0.1947,0.1977,0.186,0.1946,0.1853,0.1901,0.1901,0.0047,91052.85,1311.0
47,10001432.SH,20181212,SSE,0.234,0.2314,0.2205,0.2298,0.2205,0.2248,0.228,0.0041,94551.12,2260.0
48,10001433.SH,20181212,SSE,0.283,0.2727,0.2598,0.2662,0.2575,0.2637,0.277,0.0009,23975.72,1825.0
49,10001434.SH,20181212,SSE,0.332,0.3136,0.3006,0.3094,0.2987,0.3044,0.326,0.0841,2614183.94,4354.0
50,10001435.SH,20181212,SSE,0.1937,0.1904,0.2028,0.2029,0.1966,0.1966,0.197,0.0007,14291.98,926.0
51,10001436.SH,20181212,SSE,0.0459,0.0459,0.0431,0.0444,0.0404,0.0431,0.0429,0.0196,85439.71,3381.0
52,10001437.SH,20181212,SSE,0.2297,0.2273,0.2337,0.239,0.2294,0.2342,0.2328,0.0043,103079.99,1414.0
53,10001438.SH,20181212,SSE,0.0324,0.0324,0.0288,0.0319,0.0275,0.0306,0.0309,0.0456,142922.88,7728.0
54,10001439.SH,20181212,SSE,0.2685,0.2685,0.28,0.28,0.2697,0.2727,0.2725,0.0008,22261.78,1770.0
55,10001440.SH,20181212,SSE,0.0221,0.0221,0.0205,0.0216,0.0197,0.0205,0.0205,0.0782,166055.91,14496.0
56,10001441.SH,20181212,SSE,0.3088,0.3088,0.32,0.323,0.3095,0.3145,0.3145,0.0117,376764.96,6370.0
57,10001442.SH,20181212,SSE,0.0148,0.0148,0.0136,0.0145,0.0123,0.0136,0.0139,0.1038,144113.45,21957.0
58,10001469.SH,20181212,SSE,0.015,0.015,0.0158,0.0174,0.0144,0.0146,0.0146,0.1664,262417.88,21096.0
59,10001470.SH,20181212,SSE,0.381,0.3548,0.349,0.352,0.3402,0.3487,0.375,0.0194,686476.26,4849.0
60,10001501.SH,20181212,SSE,0.2462,0.242,0.2573,0.2578,0.2509,0.2533,0.2508,0.0025,65110.18,576.0
61,10001502.SH,20181212,SSE,0.2157,0.2157,0.2252,0.2267,0.219,0.2205,0.2203,0.0214,487656.62,709.0
62,10001503.SH,20181212,SSE,0.1866,0.1866,0.1956,0.1971,0.1896,0.1912,0.1908,0.0361,713651.32,1946.0
63,10001504.SH,20181212,SSE,0.1622,0.1615,0.1686,0.1709,0.164,0.1647,0.1647,0.0229,391539.5,2839.0
64,10001505.SH,20181212,SSE,0.1385,0.1382,0.1438,0.1457,0.1399,0.1408,0.1406,0.0263,383607.44,2238.0
65,10001506.SH,20181212,SSE,0.1178,0.1178,0.1223,0.1244,0.1182,0.1193,0.1193,0.0349,429636.83,1836.0
66,10001507.SH,20181212,SSE,0.0995,0.0978,0.1034,0.1044,0.099,0.0991,0.0991,0.02,204585.81,1921.0
67,10001508.SH,20181212,SSE,0.083,0.083,0.087,0.0876,0.0831,0.0832,0.0833,0.0444,385390.75,2394.0
68,10001509.SH,20181212,SSE,0.0695,0.0695,0.0731,0.0734,0.0689,0.0692,0.0692,0.0828,592468.91,3378.0
69,10001510.SH,20181212,SSE,0.0682,0.0692,0.0638,0.0666,0.0638,0.0648,0.0652,0.0326,217267.91,2675.0
70,10001511.SH,20181212,SSE,0.0856,0.0856,0.0821,0.0831,0.0796,0.0816,0.0817,0.0403,333596.22,6394.0
71,10001512.SH,20181212,SSE,0.1057,0.1057,0.1008,0.1033,0.0981,0.1007,0.1011,0.031,317539.29,3634.0
72,10001513.SH,20181212,SSE,0.128,0.1281,0.1225,0.1248,0.1195,0.1234,0.1234,0.0331,413443.19,2382.0
73,10001514.SH,20181212,SSE,0.1538,0.1538,0.1483,0.1498,0.1438,0.1484,0.1484,0.0249,372839.23,1494.0
74,10001515.SH,20181212,SSE,0.1816,0.1816,0.1737,0.176,0.1704,0.1744,0.1744,0.0417,738802.31,1865.0
75,10001516.SH,20181212,SSE,0.2113,0.2133,0.204,0.2054,0.1998,0.2048,0.2048,0.0361,750079.61,1528.0
76,10001517.SH,20181212,SSE,0.2423,0.2423,0.2376,0.2383,0.2314,0.2362,0.236,0.0209,499813.32,569.0
77,10001518.SH,20181212,SSE,0.283,0.2792,0.2717,0.272,0.2648,0.2702,0.277,0.0246,677273.03,779.0
78,10001519.SH,20181212,SSE,0.2802,0.276,0.2888,0.2924,0.2855,0.2874,0.285,0.0017,50427.47,2452.0
79,10001520.SH,20181212,SSE,0.0528,0.0528,0.0504,0.0518,0.0498,0.0505,0.051,0.0356,183470.73,2768.0
80,10001521.SH,20181212,SSE,0.3158,0.3133,0.3232,0.3292,0.3201,0.3201,0.3201,0.0136,449505.22,1314.0
81,10001522.SH,20181212,SSE,0.0399,0.0399,0.0381,0.0396,0.0374,0.0388,0.0386,0.0102,39910.22,7793.0
82,10001523.SH,20181212,SSE,0.0574,0.0574,0.06,0.0601,0.0561,0.0562,0.0565,0.0943,555574.39,6093.0
83,10001524.SH,20181212,SSE,0.332,0.3143,0.3047,0.3064,0.2996,0.3064,0.326,0.0279,864285.89,2706.0
84,10001525.SH,20181212,SSE,0.2317,0.2317,0.2406,0.2447,0.2324,0.2356,0.2356,0.0225,551409.94,688.0
85,10001526.SH,20181212,SSE,0.1889,0.1855,0.1973,0.2001,0.1901,0.193,0.1933,0.0086,171235.47,431.0
86,10001527.SH,20181212,SSE,0.1488,0.1476,0.1592,0.1592,0.149,0.152,0.152,0.0252,395933.5,550.0
87,10001528.SH,20181212,SSE,0.1138,0.1131,0.1175,0.1233,0.1136,0.1167,0.1165,0.0276,335095.91,696.0
88,10001529.SH,20181212,SSE,0.0845,0.0857,0.0881,0.0916,0.0829,0.0848,0.0851,0.1147,1013101.45,2614.0
89,10001530.SH,20181212,SSE,0.0611,0.06,0.0611,0.0656,0.0578,0.0607,0.0612,0.1878,1166695.62,3928.0
90,10001531.SH,20181212,SSE,0.0399,0.0397,0.0422,0.045,0.0386,0.0401,0.0397,0.1534,643349.34,4233.0
91,10001532.SH,20181212,SSE,0.0256,0.0256,0.0273,0.0283,0.0243,0.0255,0.0255,0.1277,341693.55,6400.0
92,10001533.SH,20181212,SSE,0.0156,0.0156,0.0168,0.0173,0.0143,0.0151,0.0151,0.105,169814.33,9606.0
93,10001534.SH,20181212,SSE,0.006,0.006,0.0058,0.0059,0.005,0.0055,0.0056,0.1063,58393.19,15711.0
94,10001535.SH,20181212,SSE,0.011,0.011,0.0102,0.0107,0.0092,0.0099,0.0099,0.1105,111862.89,10361.0
95,10001536.SH,20181212,SSE,0.0203,0.0203,0.0183,0.0194,0.0172,0.0183,0.0184,0.1051,197428.08,6406.0
96,10001537.SH,20181212,SSE,0.0344,0.0346,0.0315,0.0335,0.0296,0.0316,0.0316,0.0752,243238.12,5231.0
97,10001538.SH,20181212,SSE,0.0532,0.0532,0.0491,0.0518,0.0468,0.05,0.0499,0.0833,420131.62,3071.0
98,10001539.SH,20181212,SSE,0.0772,0.0767,0.0736,0.0762,0.0693,0.0729,0.0738,0.0865,640547.87,3853.0
99,10001540.SH,20181212,SSE,0.1078,0.108,0.1017,0.1063,0.0978,0.1028,0.1024,0.0701,724628.68,2592.0
100,10001541.SH,20181212,SSE,0.1416,0.1431,0.1356,0.14,0.1313,0.1363,0.1363,0.0169,234616.41,2566.0
101,10001542.SH,20181212,SSE,0.185,0.1819,0.1748,0.1786,0.169,0.176,0.179,0.0156,276886.36,1972.0
102,10001543.SH,20181212,SSE,0.1716,0.1707,0.1806,0.187,0.173,0.1764,0.1764,0.1327,2389727.0,2366.0
103,10001544.SH,20181212,SSE,0.126,0.126,0.1361,0.141,0.127,0.1302,0.1302,0.5142,6855932.0,5784.0
104,10001545.SH,20181212,SSE,0.0859,0.0859,0.0944,0.0982,0.0855,0.0881,0.0881,2.8825,26131308.0,21138.0
105,10001546.SH,20181212,SSE,0.0539,0.0539,0.0596,0.0625,0.0525,0.0555,0.0555,7.3201,41569131.0,53278.0
106,10001547.SH,20181212,SSE,0.0311,0.0311,0.0352,0.0368,0.0294,0.0307,0.0307,7.3618,23674742.0,92862.0
107,10001548.SH,20181212,SSE,0.0156,0.0156,0.0173,0.0186,0.0141,0.015,0.015,3.9512,6316659.0,110146.0
108,10001549.SH,20181212,SSE,0.0068,0.0068,0.0069,0.0085,0.0054,0.0057,0.0057,1.7251,1082039.0,54713.0
109,10001550.SH,20181212,SSE,0.0027,0.0027,0.0029,0.0035,0.0022,0.0026,0.0026,0.8855,233360.0,39112.0
110,10001551.SH,20181212,SSE,0.0015,0.0015,0.0016,0.002,0.001,0.0011,0.001,0.4793,61058.0,19221.0
111,10001552.SH,20181212,SSE,0.0022,0.0022,0.0021,0.0021,0.0015,0.0019,0.0019,0.2081,35363.0,12334.0
112,10001553.SH,20181212,SSE,0.0062,0.0063,0.0051,0.0058,0.0042,0.0053,0.0053,1.4441,713688.0,39833.0
113,10001554.SH,20181212,SSE,0.0151,0.0151,0.0124,0.0143,0.0108,0.0132,0.0132,2.8208,3515708.0,72866.0
114,10001555.SH,20181212,SSE,0.0336,0.0336,0.0288,0.0315,0.0257,0.0296,0.0296,6.1801,17724502.0,62838.0
115,10001556.SH,20181212,SSE,0.0607,0.0607,0.055,0.0584,0.0494,0.0546,0.0546,5.5464,29850485.0,51222.0
116,10001557.SH,20181212,SSE,0.0959,0.0959,0.0874,0.0936,0.0821,0.0893,0.0893,2.088,18338487.0,34808.0
117,10001558.SH,20181212,SSE,0.137,0.1367,0.1277,0.1348,0.1219,0.1291,0.131,0.6475,8246093.0,8562.0
118,10001559.SH,20181212,SSE,0.187,0.1816,0.1694,0.181,0.167,0.1758,0.181,0.2427,4205988.0,3733.0
119,10001560.SH,20181212,SSE,0.237,0.2311,0.2233,0.2303,0.2155,0.2254,0.231,0.2157,4778225.0,2214.0
120,10001561.SH,20181212,SSE,0.192,0.192,0.2059,0.2059,0.1931,0.1967,0.1967,0.0989,1974743.0,4038.0
121,10001562.SH,20181212,SSE,0.1513,0.151,0.158,0.1633,0.1515,0.1552,0.1552,0.1036,1621712.0,3459.0
122,10001563.SH,20181212,SSE,0.1154,0.1154,0.1187,0.125,0.1145,0.1175,0.1176,0.1587,1893755.0,5937.0
123,10001564.SH,20181212,SSE,0.0845,0.0845,0.0875,0.0923,0.0831,0.0867,0.0867,0.5026,4434987.0,6380.0
124,10001565.SH,20181212,SSE,0.0611,0.0611,0.064,0.0658,0.0581,0.0612,0.0612,1.0857,6749488.0,19403.0
125,10001566.SH,20181212,SSE,0.0399,0.0399,0.0423,0.045,0.0381,0.0397,0.0397,0.7845,3215564.0,15842.0
126,10001567.SH,20181212,SSE,0.0254,0.0254,0.0268,0.0276,0.0235,0.0248,0.0248,0.5152,1318054.0,11831.0
127,10001568.SH,20181212,SSE,0.0151,0.0151,0.0162,0.0169,0.0136,0.0145,0.0145,0.3538,535950.0,14041.0
128,10001569.SH,20181212,SSE,0.0086,0.0086,0.0089,0.0094,0.0074,0.0079,0.0079,0.5026,412972.0,19099.0
129,10001570.SH,20181212,SSE,0.0104,0.0104,0.0098,0.0102,0.0087,0.0092,0.0092,0.6607,619491.0,16387.0
130,10001571.SH,20181212,SSE,0.0195,0.0195,0.0179,0.019,0.016,0.0178,0.0178,0.6638,1183895.0,21114.0
131,10001572.SH,20181212,SSE,0.0331,0.0331,0.0303,0.0324,0.0288,0.0308,0.0308,0.7683,2326351.0,16762.0
132,10001573.SH,20181212,SSE,0.052,0.052,0.0463,0.0515,0.046,0.0494,0.0494,0.7565,3664642.0,11796.0
133,10001574.SH,20181212,SSE,0.0772,0.0771,0.0737,0.0767,0.0693,0.074,0.0738,0.5366,3913906.0,14523.0
134,10001575.SH,20181212,SSE,0.1078,0.108,0.1032,0.1064,0.098,0.1022,0.1024,0.233,2371902.0,6800.0
135,10001576.SH,20181212,SSE,0.143,0.143,0.1369,0.1418,0.1315,0.1378,0.1378,0.0966,1323203.0,2619.0
136,10001577.SH,20181212,SSE,0.187,0.1833,0.1764,0.181,0.17,0.176,0.181,0.0385,678988.0,1966.0
137,10001578.SH,20181212,SSE,0.237,0.2263,0.218,0.2242,0.2131,0.2212,0.231,0.0423,931162.0,2289.0
138,10001579.SH,20181212,SSE,0.2318,0.2314,0.243,0.2431,0.2322,0.2353,0.2353,0.0025,59513.0,462.0
139,10001580.SH,20181212,SSE,0.1958,0.1958,0.205,0.205,0.1988,0.1988,0.1988,0.0008,16155.0,234.0
140,10001581.SH,20181212,SSE,0.1631,0.1607,0.1706,0.1708,0.1617,0.1649,0.1649,0.0029,48769.0,105.0
141,10001582.SH,20181212,SSE,0.1337,0.1322,0.14,0.1405,0.1312,0.1349,0.135,0.0446,600515.0,626.0
142,10001583.SH,20181212,SSE,0.1081,0.1081,0.114,0.1152,0.1056,0.1085,0.1085,0.0531,576836.0,1833.0
143,10001584.SH,20181212,SSE,0.0848,0.0848,0.0894,0.092,0.083,0.0857,0.0857,0.0661,566895.0,2956.0
144,10001585.SH,20181212,SSE,0.0659,0.0653,0.0698,0.0718,0.065,0.0664,0.0668,0.038,254578.0,1242.0
145,10001586.SH,20181212,SSE,0.0504,0.0503,0.0534,0.0548,0.0495,0.0513,0.0513,0.0245,125685.0,1400.0
146,10001587.SH,20181212,SSE,0.0379,0.0379,0.0402,0.042,0.0366,0.0381,0.0381,0.03,115896.0,1642.0
147,10001588.SH,20181212,SSE,0.0305,0.0305,0.0291,0.0305,0.0278,0.0283,0.0283,0.0493,142579.0,4335.0
148,10001589.SH,20181212,SSE,0.0442,0.045,0.04,0.0431,0.0399,0.0416,0.0416,0.1328,558196.0,4009.0
149,10001590.SH,20181212,SSE,0.0611,0.0611,0.0575,0.06,0.055,0.0582,0.0582,0.0416,238625.0,1676.0
150,10001591.SH,20181212,SSE,0.0798,0.0798,0.0766,0.0798,0.0741,0.0773,0.0773,0.0488,379631.0,1972.0
151,10001592.SH,20181212,SSE,0.1044,0.1055,0.0995,0.1041,0.0975,0.1011,0.1011,0.0396,401534.0,2160.0
152,10001593.SH,20181212,SSE,0.1314,0.1327,0.1253,0.1314,0.123,0.1278,0.1269,0.0421,540153.0,1650.0
153,10001594.SH,20181212,SSE,0.1619,0.1636,0.1547,0.1608,0.1531,0.1576,0.1616,0.0066,104489.0,629.0
154,10001595.SH,20181212,SSE,0.1965,0.1974,0.1872,0.1944,0.1867,0.19,0.1901,0.0145,275967.0,446.0
155,10001596.SH,20181212,SSE,0.237,0.2348,0.2226,0.2302,0.2226,0.2287,0.231,0.0009,20425.0,248.0
156,10001597.SH,20181212,SSE,0.2828,0.2806,0.2949,0.295,0.2854,0.2866,0.2866,0.0073,212274.0,523.0
157,10001598.SH,20181212,SSE,0.2485,0.2458,0.2594,0.26,0.2544,0.2545,0.2529,0.0026,67055.0,253.0
158,10001599.SH,20181212,SSE,0.2173,0.2145,0.2266,0.2276,0.2204,0.2253,0.2212,0.0049,109688.0,175.0
159,10001600.SH,20181212,SSE,0.1883,0.1883,0.193,0.1967,0.1908,0.1908,0.1908,0.0053,102163.0,226.0
160,10001601.SH,20181212,SSE,0.1622,0.1612,0.1687,0.1723,0.1634,0.1644,0.1647,0.0144,239858.0,501.0
161,10001602.SH,20181212,SSE,0.1385,0.1385,0.1441,0.1453,0.1398,0.1398,0.1406,0.0222,313392.0,981.0
162,10001603.SH,20181212,SSE,0.1171,0.1152,0.1221,0.1222,0.1181,0.1181,0.1181,0.0094,112184.0,796.0
163,10001604.SH,20181212,SSE,0.0982,0.0981,0.1026,0.1032,0.0975,0.0994,0.0986,0.0564,567149.0,1547.0
164,10001605.SH,20181212,SSE,0.0821,0.0821,0.0859,0.086,0.0801,0.0823,0.0822,0.0133,111364.0,743.0
165,10001606.SH,20181212,SSE,0.0514,0.0514,0.0494,0.0506,0.048,0.0495,0.0495,0.0422,207417.0,3325.0
166,10001607.SH,20181212,SSE,0.0669,0.0669,0.0641,0.0661,0.0627,0.0647,0.0647,0.0234,150340.0,996.0
167,10001608.SH,20181212,SSE,0.085,0.085,0.0808,0.0827,0.0786,0.0807,0.0812,0.0217,173843.0,1800.0
168,10001609.SH,20181212,SSE,0.1047,0.1047,0.1003,0.1038,0.0975,0.1011,0.1011,0.0505,503555.0,1907.0
169,10001610.SH,20181212,SSE,0.128,0.128,0.1231,0.1249,0.1197,0.1224,0.1234,0.0155,191247.0,867.0
170,10001611.SH,20181212,SSE,0.1538,0.1565,0.1471,0.1502,0.1429,0.1483,0.1484,0.0248,362805.0,759.0
171,10001612.SH,20181212,SSE,0.1819,0.1831,0.1739,0.1777,0.1717,0.1737,0.1757,0.0044,76498.0,143.0
172,10001613.SH,20181212,SSE,0.2125,0.2142,0.2057,0.2057,0.2013,0.2031,0.2056,0.0018,36592.0,241.0
173,10001614.SH,20181212,SSE,0.2453,0.2474,0.241,0.241,0.2318,0.2377,0.2377,0.0506,1189446.0,584.0
174,10001615.SH,20181212,SSE,0.0008,0.0008,0.0008,0.0012,0.0006,0.0008,0.0006,0.4775,45246.0,7407.0
175,10001616.SH,20181212,SSE,0.287,0.2803,0.2734,0.2817,0.2651,0.2817,0.2817,0.0324,880423.0,642.0
176,10001617.SH,20181212,SSE,0.0048,0.0048,0.0055,0.0056,0.0043,0.0043,0.0043,0.4414,214822.0,13833.0
177,10001618.SH,20181212,SSE,0.287,0.2719,0.2626,0.2706,0.2556,0.267,0.2817,0.032,846273.0,1129.0
178,10001619.SH,20181212,SSE,0.0284,0.0284,0.0297,0.0301,0.0272,0.0272,0.0272,0.0724,205729.0,3652.0
179,10001620.SH,20181212,SSE,0.287,0.2724,0.2608,0.272,0.2608,0.2685,0.2817,0.0063,168833.0,1253.0
180,10001621.SH,20181212,SSE,0.0685,0.0685,0.0721,0.0721,0.0675,0.0676,0.0676,0.0393,273575.0,1871.0
181,10001622.SH,20181212,SSE,0.287,0.2851,0.2754,0.2754,0.2676,0.2702,0.2817,0.0043,116850.0,393.0
182,10001623.SH,20181212,SSE,0.2198,0.2198,0.2283,0.2358,0.2217,0.2266,0.2266,0.0269,614582.0,170.0
183,10001624.SH,20181212,SSE,0.0007,0.0007,0.0006,0.0008,0.0005,0.0008,0.0007,0.0545,3828.0,727.0
184,10001625.SH,20181212,SSE,0.2377,0.237,0.247,0.2526,0.2375,0.2402,0.2411,0.0629,1531707.0,375.0
185,10001626.SH,20181212,SSE,0.0056,0.0057,0.0055,0.0055,0.0045,0.005,0.005,0.1422,72372.0,1692.0
186,10001627.SH,20181212,SSE,0.2707,0.2707,0.2842,0.2842,0.272,0.2766,0.2766,0.0028,77583.0,43.0
187,10001628.SH,20181212,SSE,0.0205,0.0205,0.0199,0.0205,0.0191,0.0198,0.0198,0.1054,208614.0,1923.0
188,10001629.SH,20181212,SSE,0.32,0.3171,0.3266,0.3326,0.3238,0.3238,0.3238,0.0095,312431.0,73.0
189,10001630.SH,20181212,SSE,0.0391,0.0391,0.0374,0.039,0.0369,0.0379,0.0379,0.0231,87877.0,362.0
190,SR903C4300.ZCE,20181212,CZCE,642.0,642.0,0.0,0.0,0.0,0.0,643.0,0.0,0.0,0.0
191,SR903C4400.ZCE,20181212,CZCE,545.5,545.5,0.0,0.0,0.0,0.0,546.0,0.0,0.0,8.0
192,SR903C4500.ZCE,20181212,CZCE,452.0,452.0,0.0,0.0,0.0,0.0,452.5,0.0,0.0,8.0
193,SR903C4600.ZCE,20181212,CZCE,355.0,355.0,0.0,0.0,0.0,0.0,355.5,0.0,0.0,52.0
194,SR903C4700.ZCE,20181212,CZCE,263.5,263.5,0.0,0.0,0.0,0.0,263.5,0.0,0.0,62.0
195,SR903C4800.ZCE,20181212,CZCE,182.0,161.0,173.0,173.0,173.0,173.0,182.0,0.0018,30000.0,60.0
196,SR903C4900.ZCE,20181212,CZCE,118.0,111.5,105.5,109.5,105.5,109.5,117.5,0.0042,40000.0,158.0
197,SR903C5000.ZCE,20181212,CZCE,75.0,75.0,65.5,65.5,65.5,65.5,74.0,0.0004,2620.0,142.0
198,SR903C5100.ZCE,20181212,CZCE,50.0,37.0,36.0,38.0,36.0,36.5,49.0,0.0006,2210.0,296.0
199,SR903C5200.ZCE,20181212,CZCE,37.5,37.5,0.0,0.0,0.0,0.0,36.5,0.0,0.0,228.0
200,SR903C5300.ZCE,20181212,CZCE,32.0,32.0,0.0,0.0,0.0,0.0,31.5,0.0,0.0,162.0
201,SR903C5400.ZCE,20181212,CZCE,19.5,19.5,0.0,0.0,0.0,0.0,19.0,0.0,0.0,192.0
202,SR903C5500.ZCE,20181212,CZCE,11.5,11.5,0.0,0.0,0.0,0.0,11.0,0.0,0.0,196.0
203,SR903C5600.ZCE,20181212,CZCE,6.5,6.5,0.0,0.0,0.0,0.0,6.0,0.0,0.0,118.0
204,SR903C5700.ZCE,20181212,CZCE,3.5,3.5,0.0,0.0,0.0,0.0,3.0,0.0,0.0,200.0
205,SR903C5800.ZCE,20181212,CZCE,1.5,1.5,0.0,0.0,0.0,0.0,1.5,0.0,0.0,124.0
206,SR903C5900.ZCE,20181212,CZCE,1.0,1.0,0.0,0.0,0.0,0.0,1.0,0.0,0.0,100.0
207,SR903C6000.ZCE,20181212,CZCE,0.5,0.5,0.0,0.0,0.0,0.0,0.5,0.0,0.0,70.0
208,SR903C6100.ZCE,20181212,CZCE,0.5,0.5,0.0,0.0,0.0,0.0,0.5,0.0,0.0,62.0
209,SR903C6200.ZCE,20181212,CZCE,0.5,0.5,0.0,0.0,0.0,0.0,0.5,0.0,0.0,122.0
210,SR903C6300.ZCE,20181212,CZCE,0.5,0.5,0.0,0.0,0.0,0.0,0.5,0.0,0.0,360.0
211,SR903C6400.ZCE,20181212,CZCE,0.5,0.5,0.0,0.0,0.0,0.0,0.5,0.0,0.0,64.0
212,SR903C6500.ZCE,20181212,CZCE,0.5,0.5,0.5,0.5,0.5,0.5,0.5,0.001,50.0,148.0
213,SR903C6600.ZCE,20181212,CZCE,0.5,0.5,0.0,0.0,0.0,0.0,0.5,0.0,0.0,216.0
214,SR903P4300.ZCE,20181212,CZCE,2.5,2.5,0.0,0.0,0.0,0.0,2.0,0.0,0.0,102.0
215,SR903P4400.ZCE,20181212,CZCE,6.0,6.0,2.0,2.0,2.0,2.0,5.5,0.0004,80.0,42.0
216,SR903P4500.ZCE,20181212,CZCE,12.5,12.5,0.0,0.0,0.0,0.0,12.0,0.0,0.0,138.0
217,SR903P4600.ZCE,20181212,CZCE,15.0,15.0,8.5,9.5,8.5,9.5,14.5,0.0016,1480.0,206.0
218,SR903P4700.ZCE,20181212,CZCE,23.5,23.5,23.0,23.0,23.0,23.0,22.5,0.0002,460.0,326.0
219,SR903P4800.ZCE,20181212,CZCE,41.5,47.0,43.0,45.0,43.0,45.0,40.5,0.0012,5360.0,164.0
220,SR903P4900.ZCE,20181212,CZCE,77.0,87.0,0.0,0.0,0.0,0.0,75.5,0.0,0.0,160.0
221,SR903P5000.ZCE,20181212,CZCE,133.5,133.5,0.0,0.0,0.0,0.0,132.0,0.0,0.0,318.0
222,SR903P5100.ZCE,20181212,CZCE,208.5,208.5,0.0,0.0,0.0,0.0,206.5,0.0,0.0,198.0
223,SR903P5200.ZCE,20181212,CZCE,295.5,295.5,0.0,0.0,0.0,0.0,293.5,0.0,0.0,80.0
224,SR903P5300.ZCE,20181212,CZCE,390.0,390.0,0.0,0.0,0.0,0.0,388.0,0.0,0.0,96.0
225,SR903P5400.ZCE,20181212,CZCE,477.0,477.0,0.0,0.0,0.0,0.0,475.5,0.0,0.0,208.0
226,SR903P5500.ZCE,20181212,CZCE,568.5,568.5,0.0,0.0,0.0,0.0,567.5,0.0,0.0,58.0
227,SR903P5600.ZCE,20181212,CZCE,663.5,663.5,0.0,0.0,0.0,0.0,662.5,0.0,0.0,82.0
228,SR903P5700.ZCE,20181212,CZCE,761.0,761.0,0.0,0.0,0.0,0.0,759.5,0.0,0.0,26.0
229,SR903P5800.ZCE,20181212,CZCE,859.5,859.5,0.0,0.0,0.0,0.0,858.5,0.0,0.0,8.0
230,SR903P5900.ZCE,20181212,CZCE,959.0,959.0,0.0,0.0,0.0,0.0,958.0,0.0,0.0,2.0
231,SR903P6000.ZCE,20181212,CZCE,1059.0,1059.0,0.0,0.0,0.0,0.0,1058.0,0.0,0.0,4.0
232,SR903P6100.ZCE,20181212,CZCE,1159.0,1159.0,0.0,0.0,0.0,0.0,1158.0,0.0,0.0,8.0
233,SR903P6200.ZCE,20181212,CZCE,1259.0,1259.0,0.0,0.0,0.0,0.0,1258.0,0.0,0.0,0.0
234,SR903P6300.ZCE,20181212,CZCE,1359.0,1359.0,0.0,0.0,0.0,0.0,1358.0,0.0,0.0,4.0
235,SR903P6400.ZCE,20181212,CZCE,1459.0,1459.0,0.0,0.0,0.0,0.0,1458.0,0.0,0.0,6.0
236,SR903P6500.ZCE,20181212,CZCE,1559.0,1559.0,0.0,0.0,0.0,0.0,1558.0,0.0,0.0,2.0
237,SR903P6600.ZCE,20181212,CZCE,1659.0,1659.0,0.0,0.0,0.0,0.0,1658.0,0.0,0.0,6.0
238,SR905C4300.ZCE,20181212,CZCE,619.0,611.0,0.0,0.0,0.0,0.0,618.0,0.0,0.0,184.0
239,SR905C4400.ZCE,20181212,CZCE,525.5,533.5,522.5,526.5,519.5,519.5,524.0,0.0018,90000.0,180.0
240,SR905C4500.ZCE,20181212,CZCE,436.5,424.5,433.0,439.0,433.0,434.0,434.0,0.006,260000.0,422.0
241,SR905C4600.ZCE,20181212,CZCE,353.5,346.0,351.0,351.5,344.0,344.0,350.5,0.0152,530000.0,956.0
242,SR905C4700.ZCE,20181212,CZCE,279.0,272.0,276.0,279.0,268.0,279.0,275.0,0.0146,400000.0,910.0
243,SR905C4800.ZCE,20181212,CZCE,214.5,207.5,213.5,213.5,203.0,203.0,210.5,0.0026,50000.0,914.0
244,SR905C4900.ZCE,20181212,CZCE,160.5,153.5,155.5,160.0,150.0,155.5,156.5,0.024,370000.0,2304.0
245,SR905C5000.ZCE,20181212,CZCE,117.5,112.5,105.0,118.5,105.0,115.0,114.0,0.0486,550000.0,2682.0
246,SR905C5100.ZCE,20181212,CZCE,85.5,81.5,85.0,85.0,79.5,84.0,82.5,0.0294,240000.0,4238.0
247,SR905C5200.ZCE,20181212,CZCE,61.5,60.0,62.0,62.0,57.5,61.0,59.0,0.0348,200000.0,3434.0
248,SR905C5300.ZCE,20181212,CZCE,44.0,43.5,45.5,46.0,42.5,44.5,42.5,0.0822,360000.0,7754.0
249,SR905C5400.ZCE,20181212,CZCE,32.0,31.5,33.5,33.5,31.0,33.5,31.0,0.1036,330000.0,12330.0
250,SR905C5500.ZCE,20181212,CZCE,23.5,23.0,25.0,25.0,22.5,24.5,22.5,0.06,140000.0,9330.0
251,SR905C5600.ZCE,20181212,CZCE,17.5,18.5,17.5,19.0,17.0,18.5,17.0,0.03,50000.0,10612.0
252,SR905C5700.ZCE,20181212,CZCE,13.5,14.0,13.5,13.5,12.5,13.0,13.5,0.032,40000.0,3550.0
253,SR905C5800.ZCE,20181212,CZCE,11.0,10.0,9.5,10.5,9.5,10.5,10.5,0.004,4000.0,3308.0
254,SR905C5900.ZCE,20181212,CZCE,9.0,7.0,0.0,0.0,0.0,0.0,9.0,0.0,0.0,1600.0
255,SR905C6000.ZCE,20181212,CZCE,7.5,6.0,7.0,7.0,5.5,5.5,7.5,0.0054,3110.0,5762.0
256,SR905C6100.ZCE,20181212,CZCE,6.5,4.0,0.0,0.0,0.0,0.0,6.5,0.0,0.0,1550.0
257,SR905C6200.ZCE,20181212,CZCE,5.5,5.5,0.0,0.0,0.0,0.0,6.0,0.0,0.0,530.0
258,SR905C6300.ZCE,20181212,CZCE,5.0,5.0,0.0,0.0,0.0,0.0,5.5,0.0,0.0,814.0
259,SR905C6400.ZCE,20181212,CZCE,5.0,5.0,0.0,0.0,0.0,0.0,5.0,0.0,0.0,812.0
260,SR905C6500.ZCE,20181212,CZCE,4.5,2.5,2.0,3.0,2.0,3.0,5.0,0.0036,1060.0,1866.0
261,SR905P4300.ZCE,20181212,CZCE,9.5,11.5,10.5,11.5,10.5,10.5,8.0,0.0354,30000.0,2688.0
262,SR905P4400.ZCE,20181212,CZCE,16.0,18.0,16.5,16.5,15.5,15.5,14.0,0.0264,40000.0,2352.0
263,SR905P4500.ZCE,20181212,CZCE,26.5,27.5,26.5,26.5,24.0,24.0,24.0,0.0412,100000.0,4990.0
264,SR905P4600.ZCE,20181212,CZCE,43.0,42.0,41.0,42.0,38.0,38.0,40.0,0.0352,140000.0,6060.0
265,SR905P4700.ZCE,20181212,CZCE,67.5,66.5,63.0,66.5,61.0,61.0,64.0,0.0792,500000.0,3388.0
266,SR905P4800.ZCE,20181212,CZCE,102.5,99.5,98.5,99.5,92.5,93.0,98.5,0.1364,1310000.0,8840.0
267,SR905P4900.ZCE,20181212,CZCE,147.5,146.0,142.0,147.0,137.0,139.0,143.5,0.0456,640000.0,10466.0
268,SR905P5000.ZCE,20181212,CZCE,204.0,204.5,202.0,202.5,195.0,196.5,200.5,0.0156,310000.0,3074.0
269,SR905P5100.ZCE,20181212,CZCE,270.5,273.5,271.0,271.0,266.0,266.5,268.0,0.0084,220000.0,1478.0
270,SR905P5200.ZCE,20181212,CZCE,346.0,351.0,346.0,352.0,343.5,343.5,343.5,0.0094,320000.0,1664.0
271,SR905P5300.ZCE,20181212,CZCE,428.0,432.0,429.5,429.5,429.5,429.5,426.5,0.0002,8590.0,844.0
272,SR905P5400.ZCE,20181212,CZCE,515.5,515.5,520.0,520.0,514.0,514.0,514.5,0.0014,70000.0,738.0
273,SR905P5500.ZCE,20181212,CZCE,606.5,606.5,612.0,615.0,609.0,615.0,606.0,0.0032,190000.0,550.0
274,SR905P5600.ZCE,20181212,CZCE,700.0,700.0,0.0,0.0,0.0,0.0,700.0,0.0,0.0,338.0
275,SR905P5700.ZCE,20181212,CZCE,796.0,805.5,801.0,806.0,798.0,805.5,796.0,0.0044,350000.0,232.0
276,SR905P5800.ZCE,20181212,CZCE,893.0,893.0,897.0,902.5,896.0,902.5,893.0,0.0042,370000.0,178.0
277,SR905P5900.ZCE,20181212,CZCE,991.0,991.0,999.5,1000.0,999.5,1000.0,991.0,0.0014,130000.0,130.0
278,SR905P6000.ZCE,20181212,CZCE,1089.5,1089.5,1090.5,1091.5,1090.5,1091.5,1090.0,0.0014,150000.0,196.0
279,SR905P6100.ZCE,20181212,CZCE,1189.0,1189.0,1189.5,1197.0,1188.5,1197.0,1189.0,0.0098,1160000.0,182.0
280,SR905P6200.ZCE,20181212,CZCE,1288.0,1288.0,0.0,0.0,0.0,0.0,1288.5,0.0,0.0,58.0
281,SR905P6300.ZCE,20181212,CZCE,1387.5,1387.5,0.0,0.0,0.0,0.0,1388.0,0.0,0.0,70.0
282,SR905P6400.ZCE,20181212,CZCE,1487.5,1487.5,0.0,0.0,0.0,0.0,1487.5,0.0,0.0,80.0
283,SR905P6500.ZCE,20181212,CZCE,1587.5,1598.0,1610.5,1610.5,1610.5,1610.5,1587.5,0.002,320000.0,72.0
284,SR907C4400.ZCE,20181212,CZCE,558.5,558.5,0.0,0.0,0.0,0.0,557.0,0.0,0.0,2.0
285,SR907C4500.ZCE,20181212,CZCE,472.5,472.5,0.0,0.0,0.0,0.0,471.0,0.0,0.0,2.0
286,SR907C4600.ZCE,20181212,CZCE,393.0,393.0,0.0,0.0,0.0,0.0,391.5,0.0,0.0,2.0
287,SR907C4700.ZCE,20181212,CZCE,320.5,320.5,0.0,0.0,0.0,0.0,319.0,0.0,0.0,6.0
288,SR907C4800.ZCE,20181212,CZCE,256.5,256.5,0.0,0.0,0.0,0.0,255.5,0.0,0.0,4.0
289,SR907C4900.ZCE,20181212,CZCE,202.0,202.0,0.0,0.0,0.0,0.0,201.0,0.0,0.0,14.0
290,SR907C5000.ZCE,20181212,CZCE,156.5,156.5,0.0,0.0,0.0,0.0,156.0,0.0,0.0,40.0
291,SR907C5100.ZCE,20181212,CZCE,120.0,90.0,90.0,90.0,89.0,89.0,120.0,0.0004,3580.0,76.0
292,SR907C5200.ZCE,20181212,CZCE,91.5,91.5,0.0,0.0,0.0,0.0,92.0,0.0,0.0,48.0
293,SR907C5300.ZCE,20181212,CZCE,69.5,69.5,0.0,0.0,0.0,0.0,70.5,0.0,0.0,162.0
294,SR907C5400.ZCE,20181212,CZCE,53.5,53.5,0.0,0.0,0.0,0.0,54.0,0.0,0.0,236.0
295,SR907C5500.ZCE,20181212,CZCE,41.0,41.0,0.0,0.0,0.0,0.0,41.5,0.0,0.0,284.0
296,SR907C5600.ZCE,20181212,CZCE,32.0,32.0,0.0,0.0,0.0,0.0,33.0,0.0,0.0,116.0
297,SR907C5700.ZCE,20181212,CZCE,25.5,25.5,0.0,0.0,0.0,0.0,26.5,0.0,0.0,100.0
298,SR907C5800.ZCE,20181212,CZCE,20.5,20.5,0.0,0.0,0.0,0.0,21.0,0.0,0.0,104.0
299,SR907C5900.ZCE,20181212,CZCE,17.0,17.0,0.0,0.0,0.0,0.0,18.0,0.0,0.0,54.0
300,SR907C6000.ZCE,20181212,CZCE,14.0,5.5,0.0,0.0,0.0,0.0,15.0,0.0,0.0,228.0
301,SR907C6100.ZCE,20181212,CZCE,12.5,12.5,0.0,0.0,0.0,0.0,13.0,0.0,0.0,106.0
302,SR907C6200.ZCE,20181212,CZCE,11.0,11.0,0.0,0.0,0.0,0.0,11.5,0.0,0.0,366.0
303,SR907P4400.ZCE,20181212,CZCE,29.5,29.5,0.0,0.0,0.0,0.0,27.5,0.0,0.0,108.0
304,SR907P4500.ZCE,20181212,CZCE,43.0,43.0,0.0,0.0,0.0,0.0,41.0,0.0,0.0,164.0
305,SR907P4600.ZCE,20181212,CZCE,62.0,62.0,50.0,50.0,50.0,50.0,60.5,0.006,30000.0,166.0
306,SR907P4700.ZCE,20181212,CZCE,88.5,88.5,0.0,0.0,0.0,0.0,87.0,0.0,0.0,108.0
307,SR907P4800.ZCE,20181212,CZCE,123.5,96.5,107.5,107.5,107.5,107.5,122.5,0.0004,4300.0,56.0
308,SR907P4900.ZCE,20181212,CZCE,167.5,167.5,0.0,0.0,0.0,0.0,166.5,0.0,0.0,168.0
309,SR907P5000.ZCE,20181212,CZCE,220.5,220.5,0.0,0.0,0.0,0.0,220.5,0.0,0.0,174.0
310,SR907P5100.ZCE,20181212,CZCE,282.5,282.5,0.0,0.0,0.0,0.0,283.0,0.0,0.0,112.0
311,SR907P5200.ZCE,20181212,CZCE,353.0,353.0,0.0,0.0,0.0,0.0,353.5,0.0,0.0,62.0
312,SR907P5300.ZCE,20181212,CZCE,430.0,430.0,0.0,0.0,0.0,0.0,431.0,0.0,0.0,38.0
313,SR907P5400.ZCE,20181212,CZCE,512.5,512.5,0.0,0.0,0.0,0.0,513.5,0.0,0.0,20.0
314,SR907P5500.ZCE,20181212,CZCE,599.5,599.5,0.0,0.0,0.0,0.0,600.5,0.0,0.0,10.0
315,SR907P5600.ZCE,20181212,CZCE,690.0,690.0,0.0,0.0,0.0,0.0,690.5,0.0,0.0,8.0
316,SR907P5700.ZCE,20181212,CZCE,783.0,783.0,0.0,0.0,0.0,0.0,784.0,0.0,0.0,0.0
317,SR907P5800.ZCE,20181212,CZCE,877.5,877.5,0.0,0.0,0.0,0.0,878.5,0.0,0.0,4.0
318,SR907P5900.ZCE,20181212,CZCE,974.0,974.0,0.0,0.0,0.0,0.0,975.0,0.0,0.0,0.0
319,SR907P6000.ZCE,20181212,CZCE,1071.0,1071.0,0.0,0.0,0.0,0.0,1072.0,0.0,0.0,0.0
320,SR907P6100.ZCE,20181212,CZCE,1169.5,1169.5,0.0,0.0,0.0,0.0,1170.0,0.0,0.0,2.0
321,SR907P6200.ZCE,20181212,CZCE,1268.0,1268.0,0.0,0.0,0.0,0.0,1268.5,0.0,0.0,6.0
322,SR909C4400.ZCE,20181212,CZCE,599.5,599.5,0.0,0.0,0.0,0.0,595.5,0.0,0.0,86.0
323,SR909C4500.ZCE,20181212,CZCE,515.0,515.0,0.0,0.0,0.0,0.0,512.0,0.0,0.0,56.0
324,SR909C4600.ZCE,20181212,CZCE,435.5,435.5,0.0,0.0,0.0,0.0,434.0,0.0,0.0,152.0
325,SR909C4700.ZCE,20181212,CZCE,363.0,363.0,0.0,0.0,0.0,0.0,363.0,0.0,0.0,276.0
326,SR909C4800.ZCE,20181212,CZCE,297.5,297.5,0.0,0.0,0.0,0.0,299.0,0.0,0.0,392.0
327,SR909C4900.ZCE,20181212,CZCE,240.0,240.0,0.0,0.0,0.0,0.0,242.5,0.0,0.0,498.0
328,SR909C5000.ZCE,20181212,CZCE,191.0,190.0,193.5,195.5,193.5,195.5,194.5,0.0022,40000.0,772.0
329,SR909C5100.ZCE,20181212,CZCE,150.0,152.0,156.0,156.0,154.0,154.0,154.0,0.0006,9320.0,1244.0
330,SR909C5200.ZCE,20181212,CZCE,117.0,117.5,119.5,123.0,119.5,123.0,121.0,0.0008,9680.0,1178.0
331,SR909C5300.ZCE,20181212,CZCE,90.0,92.5,95.0,95.5,94.5,95.5,94.5,0.0072,60000.0,3834.0
332,SR909C5400.ZCE,20181212,CZCE,70.0,71.0,74.0,75.0,73.0,75.0,74.0,0.1608,1190000.0,4942.0
333,SR909C5500.ZCE,20181212,CZCE,54.5,56.5,59.0,59.0,56.5,58.5,58.0,0.0252,140000.0,2402.0
334,SR909C5600.ZCE,20181212,CZCE,42.5,43.5,45.0,45.5,44.5,45.5,45.0,0.011,40000.0,2706.0
335,SR909C5700.ZCE,20181212,CZCE,33.0,35.0,36.0,36.0,35.5,35.5,35.5,0.012,40000.0,594.0
336,SR909C5800.ZCE,20181212,CZCE,26.5,28.0,27.5,28.5,27.5,28.0,28.5,0.0192,50000.0,2176.0
337,SR909P4400.ZCE,20181212,CZCE,39.0,39.0,39.0,39.0,37.5,38.0,39.0,0.0122,40000.0,1308.0
338,SR909P4500.ZCE,20181212,CZCE,53.5,55.0,56.0,56.0,56.0,56.0,54.5,0.002,10000.0,1148.0
339,SR909P4600.ZCE,20181212,CZCE,73.0,75.5,0.0,0.0,0.0,0.0,75.5,0.0,0.0,1104.0
340,SR909P4700.ZCE,20181212,CZCE,98.5,103.5,99.5,99.5,99.5,99.5,102.5,0.0002,1990.0,990.0
341,SR909P4800.ZCE,20181212,CZCE,131.5,138.5,134.5,137.0,134.5,137.0,137.0,0.0012,10000.0,2678.0
342,SR909P4900.ZCE,20181212,CZCE,172.5,176.5,176.0,176.0,175.5,175.5,179.0,0.0022,30000.0,1098.0
343,SR909P5000.ZCE,20181212,CZCE,221.5,231.5,0.0,0.0,0.0,0.0,229.0,0.0,0.0,654.0
344,SR909P5100.ZCE,20181212,CZCE,278.5,278.5,0.0,0.0,0.0,0.0,286.5,0.0,0.0,946.0
345,SR909P5200.ZCE,20181212,CZCE,343.5,343.5,0.0,0.0,0.0,0.0,351.5,0.0,0.0,406.0
346,SR909P5300.ZCE,20181212,CZCE,415.0,403.5,0.0,0.0,0.0,0.0,423.5,0.0,0.0,584.0
347,SR909P5400.ZCE,20181212,CZCE,493.5,501.5,0.0,0.0,0.0,0.0,501.5,0.0,0.0,390.0
348,SR909P5500.ZCE,20181212,CZCE,577.0,588.5,0.0,0.0,0.0,0.0,584.0,0.0,0.0,114.0
349,SR909P5600.ZCE,20181212,CZCE,664.0,680.0,671.0,671.0,671.0,671.0,670.5,0.0004,20000.0,130.0
350,SR909P5700.ZCE,20181212,CZCE,753.5,766.0,759.5,759.5,759.5,759.5,760.0,0.0012,90000.0,36.0
351,SR909P5800.ZCE,20181212,CZCE,847.0,847.0,851.0,855.0,851.0,855.0,852.5,0.0012,100000.0,60.0
352,CU1901C46000.SHF,20181212,SHFE,3082.0,3082.0,3222.0,3441.0,3100.0,3110.0,3221.0,0.051,8382700.0,922.0
353,CU1901C47000.SHF,20181212,SHFE,2138.0,2165.0,2254.0,2470.0,2118.0,2141.0,2243.0,0.0698,8012310.0,502.0
354,CU1901C48000.SHF,20181212,SHFE,1307.0,1313.0,1349.0,1559.0,1230.0,1247.0,1349.0,0.141,9771390.0,576.0
355,CU1901C49000.SHF,20181212,SHFE,676.0,645.0,700.0,797.0,542.0,547.0,654.0,0.272,9290820.0,1098.0
356,CU1901C50000.SHF,20181212,SHFE,286.0,252.0,286.0,315.0,158.0,167.0,239.0,0.3908,4680140.0,2982.0
357,CU1901C51000.SHF,20181212,SHFE,96.0,79.0,100.0,100.0,37.0,37.0,63.0,0.3508,1210210.0,2602.0
358,CU1901C52000.SHF,20181212,SHFE,25.0,22.0,26.0,26.0,8.0,10.0,11.0,0.1486,124040.0,1390.0
359,CU1901C53000.SHF,20181212,SHFE,5.0,7.0,7.0,9.0,4.0,4.0,1.0,0.0332,9890.0,1990.0
360,CU1901C54000.SHF,20181212,SHFE,1.0,2.0,3.0,4.0,1.0,2.0,1.0,0.0286,3670.0,1988.0
361,CU1901P46000.SHF,20181212,SHFE,14.0,27.0,21.0,21.0,10.0,12.0,2.0,0.1102,78490.0,5330.0
362,CU1901P47000.SHF,20181212,SHFE,69.0,73.0,60.0,62.0,29.0,37.0,25.0,0.2052,375910.0,2928.0
363,CU1901P48000.SHF,20181212,SHFE,237.0,221.0,185.0,196.0,116.0,143.0,130.0,0.2572,1781270.0,3180.0
364,CU1901P49000.SHF,20181212,SHFE,606.0,557.0,482.0,520.0,348.0,439.0,434.0,0.2986,6124800.0,2618.0
365,CU1901P50000.SHF,20181212,SHFE,1215.0,1167.0,1041.0,1097.0,866.0,1060.0,1019.0,0.1788,8662040.0,688.0
366,CU1901P51000.SHF,20181212,SHFE,2025.0,2005.0,1838.0,1951.0,1650.0,1932.0,1842.0,0.1204,11009250.0,732.0
367,CU1901P52000.SHF,20181212,SHFE,2953.0,2932.0,2813.0,2911.0,2579.0,2905.0,2790.0,0.071,9876060.0,550.0
368,CU1901P53000.SHF,20181212,SHFE,3932.0,3913.0,3790.0,3908.0,3570.0,3897.0,3779.0,0.069,12999620.0,776.0
369,CU1901P54000.SHF,20181212,SHFE,4927.0,4903.0,4782.0,4891.0,4563.0,4856.0,4777.0,0.0446,10497720.0,740.0
370,CU1902C46000.SHF,20181212,SHFE,3175.0,3207.0,3288.0,3532.0,3191.0,3196.0,3353.0,0.0586,9873960.0,748.0
371,CU1902C47000.SHF,20181212,SHFE,2359.0,2385.0,2448.0,2670.0,2345.0,2350.0,2502.0,0.0428,5366770.0,456.0
372,CU1902C48000.SHF,20181212,SHFE,1659.0,1658.0,1717.0,1904.0,1609.0,1618.0,1762.0,0.0412,3624660.0,346.0
373,CU1902C49000.SHF,20181212,SHFE,1097.0,1087.0,1153.0,1274.0,1030.0,1037.0,1162.0,0.0764,4333660.0,840.0
374,CU1902C50000.SHF,20181212,SHFE,679.0,663.0,715.0,796.0,613.0,615.0,712.0,0.092,3199720.0,818.0
375,CU1902C51000.SHF,20181212,SHFE,392.0,375.0,411.0,466.0,339.0,345.0,404.0,0.125,2432790.0,990.0
376,CU1902C52000.SHF,20181212,SHFE,210.0,200.0,223.0,256.0,177.0,177.0,211.0,0.0672,711090.0,1102.0
377,CU1902C53000.SHF,20181212,SHFE,105.0,105.0,114.0,135.0,90.0,93.0,102.0,0.0968,536260.0,884.0
378,CU1902C54000.SHF,20181212,SHFE,48.0,52.0,60.0,71.0,46.0,47.0,45.0,0.072,203330.0,1640.0
379,CU1902P46000.SHF,20181212,SHFE,170.0,153.0,136.0,142.0,111.0,132.0,119.0,0.1658,1033300.0,2144.0
380,CU1902P47000.SHF,20181212,SHFE,353.0,320.0,286.0,297.0,241.0,285.0,266.0,0.0866,1163380.0,1436.0
381,CU1902P48000.SHF,20181212,SHFE,651.0,600.0,546.0,567.0,473.0,549.0,525.0,0.0986,2574730.0,1268.0
382,CU1902P49000.SHF,20181212,SHFE,1087.0,1021.0,968.0,972.0,835.0,966.0,922.0,0.0622,2836600.0,990.0
383,CU1902P50000.SHF,20181212,SHFE,1667.0,1589.0,1478.0,1550.0,1363.0,1546.0,1471.0,0.0444,3220770.0,376.0
384,CU1902P51000.SHF,20181212,SHFE,2378.0,2306.0,2194.0,2273.0,2029.0,2264.0,2161.0,0.032,3456070.0,260.0
385,CU1902P52000.SHF,20181212,SHFE,3194.0,3128.0,3047.0,3105.0,2817.0,3097.0,2966.0,0.0286,4247260.0,298.0
386,CU1902P53000.SHF,20181212,SHFE,4087.0,4058.0,3941.0,4014.0,3693.0,4005.0,3855.0,0.0462,8912280.0,554.0
387,CU1902P54000.SHF,20181212,SHFE,5029.0,4972.0,4885.0,4966.0,4626.0,4957.0,4796.0,0.0516,12350710.0,996.0
388,CU1903C46000.SHF,20181212,SHFE,3340.0,3367.0,3507.0,3665.0,3345.0,3362.0,3484.0,0.0156,2706260.0,226.0
389,CU1903C47000.SHF,20181212,SHFE,2577.0,2611.0,2730.0,2842.0,2553.0,2556.0,2695.0,0.0096,1303190.0,146.0
390,CU1903C48000.SHF,20181212,SHFE,1917.0,1928.0,1978.0,2122.0,1879.0,1879.0,2008.0,0.0196,1948170.0,174.0
391,CU1903C49000.SHF,20181212,SHFE,1370.0,1365.0,1438.0,1521.0,1310.0,1310.0,1435.0,0.0264,1842140.0,226.0
392,CU1903C50000.SHF,20181212,SHFE,939.0,926.0,948.0,1052.0,878.0,881.0,982.0,0.0226,1070250.0,414.0
393,CU1903C51000.SHF,20181212,SHFE,617.0,608.0,639.0,690.0,569.0,575.0,642.0,0.033,1032520.0,352.0
394,CU1903C52000.SHF,20181212,SHFE,387.0,390.0,409.0,443.0,359.0,362.0,401.0,0.0444,875930.0,344.0
395,CU1903C53000.SHF,20181212,SHFE,233.0,247.0,258.0,287.0,225.0,227.0,238.0,0.0694,873420.0,322.0
396,CU1903C54000.SHF,20181212,SHFE,134.0,153.0,990.0,990.0,141.0,145.0,135.0,0.098,799750.0,1350.0
397,CU1903P46000.SHF,20181212,SHFE,320.0,321.0,300.0,301.0,245.0,283.0,263.0,0.073,982320.0,800.0
398,CU1903P47000.SHF,20181212,SHFE,553.0,532.0,500.0,504.0,427.0,480.0,472.0,0.0502,1163930.0,384.0
399,CU1903P48000.SHF,20181212,SHFE,890.0,847.0,808.0,811.0,703.0,786.0,782.0,0.0472,1794870.0,300.0
400,CU1903P49000.SHF,20181212,SHFE,1340.0,1276.0,1183.0,1221.0,1099.0,1219.0,1206.0,0.019,1098770.0,556.0
401,CU1903P50000.SHF,20181212,SHFE,1906.0,1849.0,1781.0,1794.0,1616.0,1780.0,1750.0,0.017,1442870.0,206.0
402,CU1903P51000.SHF,20181212,SHFE,2581.0,2509.0,2420.0,2466.0,2254.0,2463.0,2407.0,0.011,1297560.0,130.0
403,CU1903P52000.SHF,20181212,SHFE,3348.0,3286.0,3186.0,3247.0,3002.0,3246.0,3162.0,0.0082,1290650.0,132.0
404,CU1903P53000.SHF,20181212,SHFE,4191.0,4142.0,3858.0,4098.0,3841.0,4074.0,3997.0,0.0074,1470670.0,190.0
405,CU1903P54000.SHF,20181212,SHFE,5089.0,5037.0,4965.0,5015.0,4732.0,5009.0,4891.0,0.009,2194250.0,252.0
406,CU1904C46000.SHF,20181212,SHFE,3596.0,3596.0,0.0,0.0,0.0,3629.0,3629.0,0.0,0.0,76.0
407,CU1904C47000.SHF,20181212,SHFE,2876.0,2876.0,0.0,0.0,0.0,2874.0,2874.0,0.0,0.0,74.0
408,CU1904C48000.SHF,20181212,SHFE,2245.0,2245.0,2296.0,2296.0,2296.0,2296.0,2212.0,0.0002,22960.0,64.0
409,CU1904C49000.SHF,20181212,SHFE,1708.0,1708.0,0.0,0.0,0.0,1650.0,1650.0,0.0,0.0,52.0
410,CU1904C50000.SHF,20181212,SHFE,1266.0,1266.0,0.0,0.0,0.0,1192.0,1192.0,0.0,0.0,66.0
411,CU1904C51000.SHF,20181212,SHFE,913.0,897.0,0.0,0.0,0.0,833.0,833.0,0.0,0.0,74.0
412,CU1904C52000.SHF,20181212,SHFE,640.0,631.0,624.0,625.0,624.0,625.0,563.0,0.0004,12490.0,74.0
413,CU1904C53000.SHF,20181212,SHFE,437.0,437.0,436.0,436.0,423.0,423.0,368.0,0.0006,12820.0,96.0
414,CU1904C54000.SHF,20181212,SHFE,290.0,290.0,295.0,295.0,295.0,295.0,232.0,0.0002,2950.0,220.0
415,CU1904P46000.SHF,20181212,SHFE,519.0,519.0,456.0,456.0,219.0,413.0,383.0,0.002,34170.0,110.0
416,CU1904P47000.SHF,20181212,SHFE,795.0,795.0,0.0,0.0,0.0,624.0,624.0,0.0,0.0,88.0
417,CU1904P48000.SHF,20181212,SHFE,1160.0,1074.0,0.0,0.0,0.0,957.0,957.0,0.0,0.0,102.0
418,CU1904P49000.SHF,20181212,SHFE,1619.0,1619.0,1430.0,1430.0,1430.0,1430.0,1391.0,0.0002,14300.0,58.0
419,CU1904P50000.SHF,20181212,SHFE,2172.0,2172.0,0.0,0.0,0.0,1929.0,1929.0,0.0,0.0,54.0
420,CU1904P51000.SHF,20181212,SHFE,2814.0,2814.0,0.0,0.0,0.0,2566.0,2566.0,0.0,0.0,52.0
421,CU1904P52000.SHF,20181212,SHFE,3538.0,3538.0,0.0,0.0,0.0,3291.0,3291.0,0.0,0.0,46.0
422,CU1904P53000.SHF,20181212,SHFE,4330.0,4330.0,0.0,0.0,0.0,4092.0,4092.0,0.0,0.0,56.0
423,CU1904P54000.SHF,20181212,SHFE,5179.0,5100.0,0.0,0.0,0.0,4952.0,4952.0,0.0,0.0,186.0
424,CU1905C46000.SHF,20181212,SHFE,3727.0,3777.0,0.0,0.0,0.0,3860.0,3860.0,0.0,0.0,76.0
425,CU1905C47000.SHF,20181212,SHFE,3035.0,3035.0,0.0,0.0,0.0,3150.0,3150.0,0.0,0.0,50.0
426,CU1905C48000.SHF,20181212,SHFE,2424.0,2424.0,0.0,0.0,0.0,2520.0,2520.0,0.0,0.0,60.0
427,CU1905C49000.SHF,20181212,SHFE,1897.0,1875.0,1963.0,1963.0,1963.0,1963.0,1976.0,0.0002,19630.0,34.0
428,CU1905C50000.SHF,20181212,SHFE,1455.0,1431.0,0.0,0.0,0.0,1516.0,1516.0,0.0,0.0,62.0
429,CU1905C51000.SHF,20181212,SHFE,1093.0,1095.0,0.0,0.0,0.0,1139.0,1139.0,0.0,0.0,70.0
430,CU1905C52000.SHF,20181212,SHFE,803.0,803.0,0.0,0.0,0.0,838.0,838.0,0.0,0.0,148.0
431,CU1905C53000.SHF,20181212,SHFE,579.0,579.0,643.0,643.0,643.0,643.0,603.0,0.0002,6430.0,150.0
432,CU1905C54000.SHF,20181212,SHFE,408.0,408.0,444.0,463.0,408.0,416.0,425.0,0.001,21470.0,172.0
433,CU1905P46000.SHF,20181212,SHFE,674.0,656.0,589.0,603.0,589.0,600.0,608.0,0.001,29890.0,132.0
434,CU1905P47000.SHF,20181212,SHFE,976.0,939.0,910.0,910.0,867.0,896.0,892.0,0.0008,35410.0,72.0
435,CU1905P48000.SHF,20181212,SHFE,1360.0,1317.0,1293.0,1293.0,1293.0,1293.0,1257.0,0.0002,12930.0,80.0
436,CU1905P49000.SHF,20181212,SHFE,1828.0,1828.0,0.0,0.0,0.0,1707.0,1707.0,0.0,0.0,34.0
437,CU1905P50000.SHF,20181212,SHFE,2380.0,2380.0,0.0,0.0,0.0,2242.0,2242.0,0.0,0.0,118.0
438,CU1905P51000.SHF,20181212,SHFE,3012.0,3012.0,0.0,0.0,0.0,2860.0,2860.0,0.0,0.0,58.0
439,CU1905P52000.SHF,20181212,SHFE,3717.0,3717.0,0.0,0.0,0.0,3553.0,3553.0,0.0,0.0,100.0
440,CU1905P53000.SHF,20181212,SHFE,4487.0,4544.0,0.0,0.0,0.0,4313.0,4313.0,0.0,0.0,50.0
441,CU1905P54000.SHF,20181212,SHFE,5311.0,5311.0,0.0,0.0,0.0,5129.0,5129.0,0.0,0.0,146.0
442,CU1906C46000.SHF,20181212,SHFE,3922.0,3922.0,3953.0,3988.0,3927.0,3927.0,3951.0,0.001,198060.0,90.0
443,CU1906C47000.SHF,20181212,SHFE,3252.0,3252.0,3261.0,3261.0,3261.0,3261.0,3262.0,0.0002,32610.0,58.0
444,CU1906C48000.SHF,20181212,SHFE,2656.0,2656.0,2656.0,2657.0,2590.0,2599.0,2649.0,0.0016,209960.0,70.0
445,CU1906C49000.SHF,20181212,SHFE,2135.0,2135.0,2135.0,2135.0,2079.0,2079.0,2114.0,0.001,105630.0,52.0
446,CU1906C50000.SHF,20181212,SHFE,1689.0,1689.0,1700.0,1700.0,1641.0,1641.0,1658.0,0.0012,100570.0,48.0
447,CU1906C51000.SHF,20181212,SHFE,1315.0,1315.0,1319.0,1354.0,1277.0,1277.0,1277.0,0.0028,184360.0,68.0
448,CU1906C52000.SHF,20181212,SHFE,1008.0,1007.0,1052.0,1052.0,965.0,965.0,967.0,0.0016,78680.0,88.0
449,CU1906C53000.SHF,20181212,SHFE,760.0,767.0,803.0,803.0,729.0,729.0,719.0,0.0016,59730.0,88.0
450,CU1906C54000.SHF,20181212,SHFE,565.0,596.0,600.0,600.0,584.0,584.0,525.0,0.0004,11840.0,60.0
451,CU1906P46000.SHF,20181212,SHFE,843.0,828.0,768.0,790.0,740.0,762.0,733.0,0.003,112750.0,88.0
452,CU1906P47000.SHF,20181212,SHFE,1166.0,1147.0,1062.0,1070.0,1040.0,1070.0,1037.0,0.0032,167800.0,68.0
453,CU1906P48000.SHF,20181212,SHFE,1563.0,1506.0,1436.0,1436.0,1343.0,1421.0,1417.0,0.0034,233330.0,82.0
454,CU1906P49000.SHF,20181212,SHFE,2036.0,2036.0,1880.0,1927.0,1874.0,1927.0,1875.0,0.0012,113640.0,76.0
455,CU1906P50000.SHF,20181212,SHFE,2583.0,2583.0,2411.0,2477.0,2401.0,2477.0,2412.0,0.0012,145230.0,88.0
456,CU1906P51000.SHF,20181212,SHFE,3202.0,3202.0,2991.0,3067.0,2971.0,3067.0,3025.0,0.0016,240420.0,56.0
457,CU1906P52000.SHF,20181212,SHFE,3888.0,3888.0,3663.0,3699.0,3647.0,3699.0,3708.0,0.001,183100.0,60.0
458,CU1906P53000.SHF,20181212,SHFE,4634.0,4634.0,4397.0,4485.0,4376.0,4485.0,4453.0,0.0018,395480.0,46.0
459,CU1906P54000.SHF,20181212,SHFE,5431.0,5541.0,5219.0,5322.0,5219.0,5322.0,5253.0,0.0008,210720.0,56.0
460,CU1907C46000.SHF,20181212,SHFE,4065.0,4065.0,0.0,0.0,0.0,4180.0,4180.0,0.0,0.0,66.0
461,CU1907C47000.SHF,20181212,SHFE,3413.0,3413.0,0.0,0.0,0.0,3512.0,3512.0,0.0,0.0,70.0
462,CU1907C48000.SHF,20181212,SHFE,2828.0,2828.0,0.0,0.0,0.0,2913.0,2913.0,0.0,0.0,32.0
463,CU1907C49000.SHF,20181212,SHFE,2313.0,2313.0,2340.0,2340.0,2340.0,2340.0,2384.0,0.0002,23400.0,48.0
464,CU1907C50000.SHF,20181212,SHFE,1868.0,1868.0,1890.0,1890.0,1890.0,1890.0,1926.0,0.0004,37800.0,58.0
465,CU1907C51000.SHF,20181212,SHFE,1488.0,1488.0,1506.0,1506.0,1506.0,1506.0,1534.0,0.0004,30120.0,36.0
466,CU1907C52000.SHF,20181212,SHFE,1171.0,1200.0,1184.0,1184.0,1181.0,1181.0,1206.0,0.0008,47310.0,176.0
467,CU1907C53000.SHF,20181212,SHFE,909.0,918.0,926.0,928.0,917.0,917.0,936.0,0.0006,27710.0,56.0
468,CU1907C54000.SHF,20181212,SHFE,696.0,721.0,716.0,716.0,683.0,683.0,716.0,0.0006,21150.0,68.0
469,CU1907P46000.SHF,20181212,SHFE,990.0,943.0,893.0,893.0,878.0,878.0,916.0,0.0006,26490.0,54.0
470,CU1907P47000.SHF,20181212,SHFE,1329.0,1330.0,1278.0,1278.0,1212.0,1212.0,1241.0,0.0026,165000.0,64.0
471,CU1907P48000.SHF,20181212,SHFE,1737.0,1692.0,1672.0,1672.0,1594.0,1594.0,1633.0,0.001,82040.0,58.0
472,CU1907P49000.SHF,20181212,SHFE,2214.0,2236.0,2135.0,2135.0,2135.0,2135.0,2097.0,0.0004,42700.0,32.0
473,CU1907P50000.SHF,20181212,SHFE,2761.0,2761.0,2664.0,2664.0,2664.0,2664.0,2630.0,0.0004,53280.0,66.0
474,CU1907P51000.SHF,20181212,SHFE,3373.0,3373.0,3258.0,3258.0,3184.0,3190.0,3231.0,0.0008,128190.0,48.0
475,CU1907P52000.SHF,20181212,SHFE,4047.0,3966.0,3912.0,3912.0,3912.0,3912.0,3895.0,0.0002,39120.0,238.0
476,CU1907P53000.SHF,20181212,SHFE,4777.0,4777.0,0.0,0.0,0.0,4616.0,4616.0,0.0,0.0,32.0
477,CU1907P54000.SHF,20181212,SHFE,5557.0,5557.0,0.0,0.0,0.0,5389.0,5389.0,0.0,0.0,272.0
478,CU1908C46000.SHF,20181212,SHFE,4263.0,4263.0,4345.0,4345.0,4345.0,4345.0,4326.0,0.0002,43450.0,80.0
479,CU1908C47000.SHF,20181212,SHFE,3618.0,3618.0,0.0,0.0,0.0,3673.0,3673.0,0.0,0.0,64.0
480,CU1908C48000.SHF,20181212,SHFE,3037.0,3037.0,0.0,0.0,0.0,3083.0,3083.0,0.0,0.0,42.0
481,CU1908C49000.SHF,20181212,SHFE,2521.0,2530.0,0.0,0.0,0.0,2560.0,2560.0,0.0,0.0,16.0
482,CU1908C50000.SHF,20181212,SHFE,2069.0,2069.0,0.0,0.0,0.0,2101.0,2101.0,0.0,0.0,38.0
483,CU1908C51000.SHF,20181212,SHFE,1679.0,1700.0,1667.0,1667.0,1667.0,1667.0,1705.0,0.0002,16670.0,64.0
484,CU1908C52000.SHF,20181212,SHFE,1348.0,1348.0,1414.0,1414.0,1414.0,1414.0,1368.0,0.0002,14140.0,128.0
485,CU1908C53000.SHF,20181212,SHFE,1070.0,1070.0,0.0,0.0,0.0,1085.0,1085.0,0.0,0.0,56.0
486,CU1908C54000.SHF,20181212,SHFE,841.0,841.0,841.0,841.0,841.0,841.0,852.0,0.0002,8410.0,124.0
487,CU1908P46000.SHF,20181212,SHFE,1093.0,1147.0,1074.0,1074.0,1074.0,1074.0,1047.0,0.0002,10740.0,58.0
488,CU1908P47000.SHF,20181212,SHFE,1438.0,1438.0,0.0,0.0,0.0,1384.0,1384.0,0.0,0.0,64.0
489,CU1908P48000.SHF,20181212,SHFE,1848.0,1848.0,0.0,0.0,0.0,1786.0,1786.0,0.0,0.0,62.0
490,CU1908P49000.SHF,20181212,SHFE,2322.0,2322.0,0.0,0.0,0.0,2252.0,2252.0,0.0,0.0,48.0
491,CU1908P50000.SHF,20181212,SHFE,2861.0,2817.0,0.0,0.0,0.0,2784.0,2784.0,0.0,0.0,56.0
492,CU1908P51000.SHF,20181212,SHFE,3463.0,3460.0,3373.0,3373.0,3373.0,3373.0,3379.0,0.0002,33730.0,72.0
493,CU1908P52000.SHF,20181212,SHFE,4122.0,4117.0,0.0,0.0,0.0,4033.0,4033.0,0.0,0.0,78.0
494,CU1908P53000.SHF,20181212,SHFE,4835.0,4826.0,4705.0,4705.0,4705.0,4705.0,4741.0,0.0002,47050.0,62.0
495,CU1908P54000.SHF,20181212,SHFE,5596.0,5586.0,0.0,0.0,0.0,5498.0,5498.0,0.0,0.0,234.0
496,CU1909C46000.SHF,20181212,SHFE,4375.0,4375.0,4547.0,4547.0,4547.0,4547.0,4501.0,0.0004,90940.0,70.0
497,CU1909C47000.SHF,20181212,SHFE,3742.0,3742.0,3905.0,3905.0,3905.0,3905.0,3861.0,0.0006,117150.0,60.0
498,CU1909C48000.SHF,20181212,SHFE,3170.0,3170.0,3321.0,3321.0,3205.0,3205.0,3281.0,0.0008,131130.0,50.0
499,CU1909C49000.SHF,20181212,SHFE,2659.0,2659.0,0.0,0.0,0.0,2762.0,2762.0,0.0,0.0,26.0
500,CU1909C50000.SHF,20181212,SHFE,2209.0,2209.0,0.0,0.0,0.0,2303.0,2303.0,0.0,0.0,58.0
501,CU1909C51000.SHF,20181212,SHFE,1818.0,1818.0,1840.0,1840.0,1840.0,1840.0,1902.0,0.0002,18400.0,58.0
502,CU1909C52000.SHF,20181212,SHFE,1481.0,1481.0,1517.0,1517.0,1517.0,1517.0,1557.0,0.0002,15170.0,104.0
503,CU1909C53000.SHF,20181212,SHFE,1196.0,1196.0,1237.0,1237.0,1237.0,1237.0,1262.0,0.0002,12370.0,98.0
504,CU1909C54000.SHF,20181212,SHFE,956.0,956.0,0.0,0.0,0.0,1014.0,1014.0,0.0,0.0,88.0
505,CU1909P46000.SHF,20181212,SHFE,1219.0,1274.0,1232.0,1232.0,1162.0,1162.0,1196.0,0.0018,106140.0,58.0
506,CU1909P47000.SHF,20181212,SHFE,1575.0,1620.0,1570.0,1570.0,1517.0,1517.0,1546.0,0.0008,62250.0,96.0
507,CU1909P48000.SHF,20181212,SHFE,1993.0,1993.0,1980.0,1980.0,1980.0,1980.0,1955.0,0.0004,39600.0,54.0
508,CU1909P49000.SHF,20181212,SHFE,2471.0,2423.0,2448.0,2448.0,2448.0,2448.0,2426.0,0.0004,48960.0,36.0
509,CU1909P50000.SHF,20181212,SHFE,3011.0,2956.0,2970.0,2970.0,2862.0,2862.0,2956.0,0.0004,58320.0,114.0
510,CU1909P51000.SHF,20181212,SHFE,3609.0,3549.0,3551.0,3551.0,3551.0,3551.0,3545.0,0.0002,35510.0,62.0
511,CU1909P52000.SHF,20181212,SHFE,4261.0,4261.0,4198.0,4198.0,4198.0,4198.0,4189.0,0.0004,83960.0,160.0
512,CU1909P53000.SHF,20181212,SHFE,4965.0,4965.0,4884.0,4884.0,4783.0,4783.0,4883.0,0.0006,145510.0,328.0
513,CU1909P54000.SHF,20181212,SHFE,5715.0,5715.0,5643.0,5669.0,5643.0,5669.0,5625.0,0.0008,225980.0,244.0
514,CU1910C45000.SHF,20181212,SHFE,5202.0,5110.0,5356.0,5356.0,5356.0,5356.0,5328.0,0.0002,53560.0,120.0
515,CU1910C46000.SHF,20181212,SHFE,4521.0,4521.0,4669.0,4669.0,4669.0,4669.0,4640.0,0.0004,93380.0,56.0
516,CU1910C47000.SHF,20181212,SHFE,3896.0,3979.0,4036.0,4036.0,4036.0,4036.0,4009.0,0.0002,40360.0,44.0
517,CU1910C48000.SHF,20181212,SHFE,3329.0,3329.0,0.0,0.0,0.0,3434.0,3434.0,0.0,0.0,38.0
518,CU1910C49000.SHF,20181212,SHFE,2820.0,2876.0,2872.0,2872.0,2872.0,2872.0,2917.0,0.0002,28720.0,18.0
519,CU1910C50000.SHF,20181212,SHFE,2369.0,2369.0,0.0,0.0,0.0,2457.0,2457.0,0.0,0.0,14.0
520,CU1910C51000.SHF,20181212,SHFE,1973.0,1973.0,0.0,0.0,0.0,2053.0,2053.0,0.0,0.0,28.0
521,CU1910C52000.SHF,20181212,SHFE,1629.0,1629.0,0.0,0.0,0.0,1701.0,1701.0,0.0,0.0,48.0
522,CU1910C53000.SHF,20181212,SHFE,1335.0,1416.0,0.0,0.0,0.0,1398.0,1398.0,0.0,0.0,48.0
523,CU1910C54000.SHF,20181212,SHFE,1084.0,1084.0,0.0,0.0,0.0,1140.0,1140.0,0.0,0.0,34.0
524,CU1910C55000.SHF,20181212,SHFE,874.0,874.0,953.0,953.0,953.0,953.0,922.0,0.0002,9530.0,80.0
525,CU1910C56000.SHF,20181212,SHFE,699.0,699.0,795.0,795.0,752.0,752.0,740.0,0.0016,61090.0,126.0
526,CU1910P45000.SHF,20181212,SHFE,1021.0,1047.0,986.0,1000.0,980.0,1000.0,999.0,0.0018,88560.0,76.0
527,CU1910P46000.SHF,20181212,SHFE,1329.0,1329.0,1315.0,1315.0,1281.0,1281.0,1300.0,0.0012,77240.0,34.0
528,CU1910P47000.SHF,20181212,SHFE,1692.0,1692.0,1666.0,1666.0,1666.0,1666.0,1657.0,0.0002,16660.0,22.0
529,CU1910P48000.SHF,20181212,SHFE,2113.0,2113.0,0.0,0.0,0.0,2070.0,2070.0,0.0,0.0,22.0
530,CU1910P49000.SHF,20181212,SHFE,2593.0,2548.0,0.0,0.0,0.0,2542.0,2542.0,0.0,0.0,18.0
531,CU1910P50000.SHF,20181212,SHFE,3130.0,3130.0,3050.0,3050.0,3050.0,3050.0,3070.0,0.0002,30500.0,20.0
532,CU1910P51000.SHF,20181212,SHFE,3722.0,3672.0,0.0,0.0,0.0,3654.0,3654.0,0.0,0.0,22.0
533,CU1910P52000.SHF,20181212,SHFE,4367.0,4288.0,0.0,0.0,0.0,4290.0,4290.0,0.0,0.0,32.0
534,CU1910P53000.SHF,20181212,SHFE,5060.0,4981.0,4892.0,4892.0,4892.0,4892.0,4976.0,0.0002,48920.0,32.0
535,CU1910P54000.SHF,20181212,SHFE,5798.0,5798.0,0.0,0.0,0.0,5706.0,5706.0,0.0,0.0,192.0
536,CU1910P55000.SHF,20181212,SHFE,6576.0,6576.0,0.0,0.0,0.0,6476.0,6476.0,0.0,0.0,40.0
537,CU1910P56000.SHF,20181212,SHFE,7389.0,7389.0,0.0,0.0,0.0,7283.0,7283.0,0.0,0.0,48.0
538,CU1911C44000.SHF,20181212,SHFE,6043.0,5965.0,0.0,0.0,0.0,6215.0,6215.0,0.0,0.0,24.0
539,CU1911C45000.SHF,20181212,SHFE,5318.0,5338.0,0.0,0.0,0.0,5485.0,5485.0,0.0,0.0,28.0
540,CU1911C46000.SHF,20181212,SHFE,4646.0,4675.0,0.0,0.0,0.0,4806.0,4806.0,0.0,0.0,22.0
541,CU1911C47000.SHF,20181212,SHFE,4027.0,4065.0,0.0,0.0,0.0,4179.0,4179.0,0.0,0.0,24.0
542,CU1911C48000.SHF,20181212,SHFE,3464.0,3509.0,0.0,0.0,0.0,3607.0,3607.0,0.0,0.0,18.0
543,CU1911C49000.SHF,20181212,SHFE,2957.0,3005.0,0.0,0.0,0.0,3091.0,3091.0,0.0,0.0,14.0
544,CU1911C50000.SHF,20181212,SHFE,2505.0,2555.0,2613.0,2613.0,2523.0,2523.0,2628.0,0.0004,51360.0,12.0
545,CU1911C51000.SHF,20181212,SHFE,2105.0,2153.0,2200.0,2234.0,2200.0,2234.0,2219.0,0.0004,44340.0,16.0
546,CU1911C52000.SHF,20181212,SHFE,1757.0,1831.0,0.0,0.0,0.0,1859.0,1859.0,0.0,0.0,22.0
547,CU1911C53000.SHF,20181212,SHFE,1455.0,1531.0,0.0,0.0,0.0,1547.0,1547.0,0.0,0.0,24.0
548,CU1911C54000.SHF,20181212,SHFE,1196.0,1269.0,0.0,0.0,0.0,1278.0,1278.0,0.0,0.0,42.0
549,CU1911C55000.SHF,20181212,SHFE,976.0,1034.0,0.0,0.0,0.0,1048.0,1048.0,0.0,0.0,66.0
550,CU1911P44000.SHF,20181212,SHFE,841.0,865.0,824.0,824.0,824.0,824.0,826.0,0.0002,8240.0,42.0
551,CU1911P45000.SHF,20181212,SHFE,1104.0,1153.0,0.0,0.0,0.0,1083.0,1083.0,0.0,0.0,36.0
552,CU1911P46000.SHF,20181212,SHFE,1418.0,1475.0,0.0,0.0,0.0,1391.0,1391.0,0.0,0.0,22.0
553,CU1911P47000.SHF,20181212,SHFE,1787.0,1787.0,1770.0,1770.0,1770.0,1770.0,1751.0,0.0002,17700.0,16.0
554,CU1911P48000.SHF,20181212,SHFE,2211.0,2174.0,2179.0,2179.0,2175.0,2175.0,2166.0,0.0004,43540.0,12.0
555,CU1911P49000.SHF,20181212,SHFE,2691.0,2661.0,2653.0,2653.0,2645.0,2645.0,2637.0,0.0004,52980.0,18.0
556,CU1911P50000.SHF,20181212,SHFE,3225.0,3181.0,3178.0,3178.0,3178.0,3178.0,3161.0,0.0002,31780.0,22.0
557,CU1911P51000.SHF,20181212,SHFE,3813.0,3848.0,3756.0,3756.0,3756.0,3756.0,3739.0,0.0002,37560.0,22.0
558,CU1911P52000.SHF,20181212,SHFE,4451.0,4360.0,4377.0,4377.0,4377.0,4377.0,4366.0,0.0002,43770.0,28.0
559,CU1911P53000.SHF,20181212,SHFE,5136.0,5301.0,0.0,0.0,0.0,5041.0,5041.0,0.0,0.0,38.0
560,CU1911P54000.SHF,20181212,SHFE,5864.0,6005.0,5768.0,5768.0,5768.0,5768.0,5759.0,0.0002,57680.0,68.0
561,CU1911P55000.SHF,20181212,SHFE,6631.0,6646.0,6525.0,6525.0,6525.0,6525.0,6516.0,0.0002,65250.0,36.0
562,M1903-C-2600.DCE,20181212,DCE,256.5,256.5,256.5,271.5,256.5,271.5,262.5,0.004,104100.0,30.0
563,M1903-C-2650.DCE,20181212,DCE,214.5,214.5,212.5,212.5,212.5,212.5,220.5,0.003,63750.0,140.0
564,M1903-C-2700.DCE,20181212,DCE,175.5,175.5,171.0,186.0,171.0,185.5,182.0,0.0042,73570.0,180.0
565,M1903-C-2750.DCE,20181212,DCE,140.5,128.5,136.0,147.5,135.5,147.5,147.5,0.0044,60840.0,110.0
566,M1903-C-2800.DCE,20181212,DCE,110.0,110.0,103.0,115.5,103.0,114.5,117.0,0.0054,58550.0,306.0
567,M1903-C-2850.DCE,20181212,DCE,84.0,80.0,80.0,89.0,72.0,89.0,91.0,0.1168,984850.0,2368.0
568,M1903-C-2900.DCE,20181212,DCE,62.5,59.0,55.5,66.0,53.5,65.0,69.0,0.147,877760.0,2268.0
569,M1903-C-2950.DCE,20181212,DCE,45.5,39.0,44.0,49.5,39.5,49.5,51.0,0.02,84910.0,2182.0
570,M1903-C-3000.DCE,20181212,DCE,32.0,32.5,32.0,37.0,29.0,37.0,37.0,0.1204,394520.0,5518.0
571,M1903-C-3050.DCE,20181212,DCE,22.0,23.5,22.5,27.5,21.5,27.5,26.0,0.043,100670.0,3870.0
572,M1903-C-3100.DCE,20181212,DCE,14.5,17.0,17.0,21.0,16.5,21.0,18.0,0.0232,42190.0,2022.0
573,M1903-C-3150.DCE,20181212,DCE,9.5,13.0,13.0,16.0,13.0,16.0,12.0,0.0794,113910.0,1328.0
574,M1903-C-3200.DCE,20181212,DCE,6.0,10.0,10.0,12.5,10.0,12.5,8.0,0.0558,63970.0,2420.0
575,M1903-C-3250.DCE,20181212,DCE,3.5,7.5,7.5,10.0,7.5,10.0,5.0,0.165,153530.0,4970.0
576,M1903-C-3300.DCE,20181212,DCE,2.0,6.5,7.0,8.0,7.0,8.0,3.0,0.0458,35040.0,2026.0
577,M1903-C-3350.DCE,20181212,DCE,1.0,5.5,6.5,6.5,6.0,6.5,2.0,0.0086,5550.0,1016.0
578,M1903-C-3400.DCE,20181212,DCE,0.5,4.5,5.5,5.5,5.5,5.5,1.0,0.0026,1430.0,1124.0
579,M1903-C-3450.DCE,20181212,DCE,0.5,4.5,4.5,4.5,4.5,4.5,0.5,0.0096,4320.0,3474.0
580,M1903-C-3500.DCE,20181212,DCE,0.5,3.5,3.5,4.0,3.5,4.0,0.5,0.0044,1710.0,4328.0
581,M1903-C-3550.DCE,20181212,DCE,0.5,3.0,3.5,3.5,3.5,3.5,0.5,0.0014,490.0,880.0
582,M1903-C-3600.DCE,20181212,DCE,0.5,3.0,3.0,3.0,3.0,3.0,0.5,0.0006,180.0,1976.0
583,M1903-C-3650.DCE,20181212,DCE,0.5,2.5,2.5,2.5,2.5,2.5,0.5,0.06,15000.0,6806.0
584,M1903-P-2600.DCE,20181212,DCE,12.0,9.0,10.0,11.0,9.5,9.5,14.0,0.0028,2710.0,610.0
585,M1903-P-2650.DCE,20181212,DCE,19.5,16.0,15.0,15.0,14.0,15.0,22.0,0.0176,25850.0,702.0
586,M1903-P-2700.DCE,20181212,DCE,31.0,24.5,22.5,24.0,22.5,23.5,33.5,0.0048,11210.0,862.0
587,M1903-P-2750.DCE,20181212,DCE,46.0,35.0,35.5,36.5,34.5,34.5,49.0,0.0038,13390.0,780.0
588,M1903-P-2800.DCE,20181212,DCE,65.0,52.5,51.5,54.0,50.5,50.5,68.0,0.0042,22280.0,2672.0
589,M1903-P-2850.DCE,20181212,DCE,89.0,75.0,79.0,79.5,72.5,75.0,92.0,0.1692,1277320.0,2412.0
590,M1903-P-2900.DCE,20181212,DCE,117.5,100.5,107.0,107.0,101.0,101.0,120.0,0.0052,54680.0,1544.0
591,M1903-P-2950.DCE,20181212,DCE,150.0,150.0,144.0,144.5,134.0,134.0,152.0,0.0046,64440.0,400.0
592,M1903-P-3000.DCE,20181212,DCE,186.5,173.0,181.5,183.5,172.5,174.5,187.5,0.0094,163540.0,1330.0
593,M1903-P-3050.DCE,20181212,DCE,226.5,226.5,223.0,223.0,223.0,223.0,227.0,0.003,66900.0,2162.0
594,M1903-P-3100.DCE,20181212,DCE,269.5,277.5,267.5,268.0,261.0,261.0,268.5,0.0044,117590.0,2212.0
595,M1903-P-3150.DCE,20181212,DCE,314.0,314.0,314.0,314.0,314.0,314.0,312.5,0.003,94200.0,2124.0
596,M1903-P-3200.DCE,20181212,DCE,360.5,360.5,362.0,362.0,348.5,348.5,358.5,0.004,143450.0,320.0
597,M1903-P-3250.DCE,20181212,DCE,408.0,422.5,409.5,409.5,396.0,396.0,405.5,0.0058,235020.0,282.0
598,M1903-P-3300.DCE,20181212,DCE,457.0,457.0,457.5,457.5,443.0,443.0,453.5,0.0038,170430.0,344.0
599,M1903-P-3350.DCE,20181212,DCE,506.0,506.0,507.0,507.0,492.0,492.0,502.5,0.0052,262110.0,206.0
600,M1903-P-3400.DCE,20181212,DCE,555.5,555.5,555.5,556.0,541.0,541.0,552.0,0.0048,265200.0,216.0
601,M1903-P-3450.DCE,20181212,DCE,605.0,605.0,604.0,604.0,603.5,603.5,601.5,0.0032,193150.0,168.0
602,M1903-P-3500.DCE,20181212,DCE,655.0,655.0,653.0,654.0,639.0,639.0,651.0,0.0048,312150.0,140.0
603,M1903-P-3550.DCE,20181212,DCE,705.0,705.0,703.5,703.5,703.0,703.0,701.0,0.0024,168750.0,90.0
604,M1903-P-3600.DCE,20181212,DCE,755.0,755.0,753.5,753.5,753.0,753.0,751.0,0.0012,90390.0,78.0
605,M1903-P-3650.DCE,20181212,DCE,805.0,805.0,803.5,803.5,803.0,803.0,801.0,0.0012,96390.0,54.0
606,M1905-C-2450.DCE,20181212,DCE,258.5,254.5,251.0,274.5,251.0,274.5,262.5,0.0068,181910.0,440.0
607,M1905-C-2500.DCE,20181212,DCE,220.5,216.0,211.0,232.0,210.0,232.0,224.5,0.0078,166900.0,732.0
608,M1905-C-2550.DCE,20181212,DCE,185.5,183.0,177.0,195.0,177.0,195.0,189.0,0.0028,50600.0,898.0
609,M1905-C-2600.DCE,20181212,DCE,154.0,151.0,140.5,165.0,139.0,162.5,157.0,0.0264,415570.0,986.0
610,M1905-C-2650.DCE,20181212,DCE,126.0,124.5,124.5,136.5,114.5,136.5,128.5,0.0402,518190.0,2792.0
611,M1905-C-2700.DCE,20181212,DCE,101.5,102.5,100.0,111.0,93.0,110.0,104.0,0.1034,1075540.0,7810.0
612,M1905-C-2750.DCE,20181212,DCE,80.5,83.0,82.5,91.0,75.0,89.5,83.0,0.0822,710510.0,7004.0
613,M1905-C-2800.DCE,20181212,DCE,63.0,67.0,66.5,73.0,61.0,72.0,65.0,0.0608,414640.0,8466.0
614,M1905-C-2850.DCE,20181212,DCE,48.5,53.0,53.5,59.5,48.5,58.0,50.0,0.1094,593880.0,9298.0
615,M1905-C-2900.DCE,20181212,DCE,37.0,42.0,42.0,47.5,38.0,47.0,38.0,0.2042,916880.0,8986.0
616,M1905-C-2950.DCE,20181212,DCE,27.5,34.5,33.0,37.5,30.5,37.0,28.5,0.0688,233570.0,9196.0
617,M1905-C-3000.DCE,20181212,DCE,20.5,27.5,28.0,30.5,24.5,30.0,21.0,0.0544,150580.0,13386.0
618,M1905-C-3050.DCE,20181212,DCE,15.0,22.0,21.0,24.0,19.0,24.0,15.5,0.0552,123590.0,9398.0
619,M1905-C-3100.DCE,20181212,DCE,10.5,17.5,16.0,19.0,16.0,19.0,11.0,0.011,19090.0,4922.0
620,M1905-C-3150.DCE,20181212,DCE,7.5,13.5,13.5,15.5,12.5,15.0,8.0,0.1396,208990.0,15544.0
621,M1905-C-3200.DCE,20181212,DCE,5.0,11.5,11.0,13.5,11.0,13.5,5.5,0.0824,108520.0,8572.0
622,M1905-C-3250.DCE,20181212,DCE,3.5,10.0,10.0,11.5,9.0,11.5,3.5,0.0788,83550.0,11784.0
623,M1905-P-2450.DCE,20181212,DCE,27.5,20.0,20.0,23.0,16.5,17.5,26.5,0.1212,228580.0,2902.0
624,M1905-P-2500.DCE,20181212,DCE,39.0,31.0,30.0,34.5,26.5,27.0,38.0,0.1306,370740.0,9614.0
625,M1905-P-2550.DCE,20181212,DCE,54.0,44.5,47.5,50.5,39.0,39.0,52.5,0.067,275630.0,6596.0
626,M1905-P-2600.DCE,20181212,DCE,72.0,65.0,63.5,71.0,56.0,57.0,70.5,0.3068,1835450.0,13616.0
627,M1905-P-2650.DCE,20181212,DCE,94.0,87.0,85.0,96.0,76.0,77.5,92.0,0.107,900850.0,7362.0
628,M1905-P-2700.DCE,20181212,DCE,119.5,111.0,111.5,120.0,100.0,103.5,117.0,0.1582,1695800.0,17198.0
629,M1905-P-2750.DCE,20181212,DCE,148.5,145.5,141.5,154.0,130.0,132.5,145.5,0.054,722960.0,14488.0
630,M1905-P-2800.DCE,20181212,DCE,180.5,176.0,185.5,185.5,163.0,164.0,177.5,0.0118,197040.0,8136.0
631,M1905-P-2850.DCE,20181212,DCE,216.0,216.0,213.0,228.0,199.0,200.0,212.5,0.0138,285650.0,4024.0
632,M1905-P-2900.DCE,20181212,DCE,254.0,259.5,252.5,266.0,239.5,241.0,250.5,0.0158,397220.0,6716.0
633,M1905-P-2950.DCE,20181212,DCE,294.5,295.5,296.5,304.5,275.5,277.0,290.5,0.0096,277010.0,2706.0
634,M1905-P-3000.DCE,20181212,DCE,337.5,345.0,343.5,347.5,323.5,323.5,333.0,0.0168,573770.0,1488.0
635,M1905-P-3050.DCE,20181212,DCE,381.5,376.5,392.5,392.5,367.5,367.5,377.5,0.0086,332430.0,982.0
636,M1905-P-3100.DCE,20181212,DCE,427.5,439.5,429.5,438.5,412.0,412.0,423.0,0.0088,378780.0,1058.0
637,M1905-P-3150.DCE,20181212,DCE,474.0,467.5,492.5,492.5,463.0,463.0,469.5,0.0024,116010.0,694.0
638,M1905-P-3200.DCE,20181212,DCE,522.0,511.5,505.0,505.0,505.0,505.0,517.0,0.0002,10100.0,1532.0
639,M1905-P-3250.DCE,20181212,DCE,570.5,573.5,575.5,575.5,560.0,560.0,565.5,0.0024,137500.0,1300.0
640,M1907-C-2450.DCE,20181212,DCE,274.0,274.0,270.0,270.0,268.0,268.0,269.0,0.0012,32280.0,2.0
641,M1907-C-2500.DCE,20181212,DCE,238.5,238.5,,,,233.0,233.0,0.0,0.0,0.0
642,M1907-C-2550.DCE,20181212,DCE,205.5,205.5,,,,200.0,200.0,0.0,0.0,0.0
643,M1907-C-2600.DCE,20181212,DCE,175.5,175.5,,,,170.0,170.0,0.0,0.0,0.0
644,M1907-C-2650.DCE,20181212,DCE,148.5,148.5,,,,143.0,143.0,0.0,0.0,100.0
645,M1907-C-2700.DCE,20181212,DCE,124.5,124.5,,,,119.0,119.0,0.0,0.0,100.0
646,M1907-C-2750.DCE,20181212,DCE,103.5,103.5,,,,98.5,98.5,0.0,0.0,42.0
647,M1907-C-2800.DCE,20181212,DCE,85.5,85.5,,,,80.5,80.5,0.0,0.0,100.0
648,M1907-C-2850.DCE,20181212,DCE,69.5,69.5,,,,65.0,65.0,0.0,0.0,136.0
649,M1907-C-2900.DCE,20181212,DCE,56.0,56.0,,,,52.0,52.0,0.0,0.0,150.0
650,M1907-C-2950.DCE,20181212,DCE,45.0,45.0,,,,41.5,41.5,0.0,0.0,160.0
651,M1907-C-3000.DCE,20181212,DCE,36.0,36.0,,,,32.5,32.5,0.0,0.0,82.0
652,M1907-C-3050.DCE,20181212,DCE,28.0,28.0,,,,25.0,25.0,0.0,0.0,168.0
653,M1907-C-3100.DCE,20181212,DCE,22.0,22.0,,,,19.5,19.5,0.0,0.0,146.0
654,M1907-C-3150.DCE,20181212,DCE,17.0,17.0,,,,15.0,15.0,0.0,0.0,184.0
655,M1907-C-3200.DCE,20181212,DCE,13.0,13.0,,,,11.0,11.0,0.0,0.0,242.0
656,M1907-P-2450.DCE,20181212,DCE,44.5,44.5,,,,42.0,42.0,0.0,0.0,0.0
657,M1907-P-2500.DCE,20181212,DCE,58.5,58.5,,,,56.0,56.0,0.0,0.0,60.0
658,M1907-P-2550.DCE,20181212,DCE,75.0,75.0,,,,72.5,72.5,0.0,0.0,140.0
659,M1907-P-2600.DCE,20181212,DCE,95.0,95.0,,,,92.5,92.5,0.0,0.0,340.0
660,M1907-P-2650.DCE,20181212,DCE,118.0,118.0,,,,115.5,115.5,0.0,0.0,632.0
661,M1907-P-2700.DCE,20181212,DCE,143.5,143.5,,,,141.0,141.0,0.0,0.0,480.0
662,M1907-P-2750.DCE,20181212,DCE,172.0,172.0,,,,170.0,170.0,0.0,0.0,184.0
663,M1907-P-2800.DCE,20181212,DCE,203.5,203.5,,,,201.5,201.5,0.0,0.0,74.0
664,M1907-P-2850.DCE,20181212,DCE,237.5,237.5,,,,236.0,236.0,0.0,0.0,56.0
665,M1907-P-2900.DCE,20181212,DCE,274.0,274.0,,,,273.0,273.0,0.0,0.0,60.0
666,M1907-P-2950.DCE,20181212,DCE,312.5,312.5,,,,312.0,312.0,0.0,0.0,66.0
667,M1907-P-3000.DCE,20181212,DCE,353.0,353.0,,,,353.0,353.0,0.0,0.0,104.0
668,M1907-P-3050.DCE,20181212,DCE,395.5,395.5,,,,395.5,395.5,0.0,0.0,114.0
669,M1907-P-3100.DCE,20181212,DCE,439.0,439.0,,,,439.5,439.5,0.0,0.0,134.0
670,M1907-P-3150.DCE,20181212,DCE,484.0,484.0,,,,484.5,484.5,0.0,0.0,44.0
671,M1907-P-3200.DCE,20181212,DCE,529.5,529.5,,,,531.0,531.0,0.0,0.0,60.0
672,M1908-C-2450.DCE,20181212,DCE,295.0,295.0,,,,311.5,311.5,0.0,0.0,0.0
673,M1908-C-2500.DCE,20181212,DCE,259.5,259.5,,,,276.0,276.0,0.0,0.0,0.0
674,M1908-C-2550.DCE,20181212,DCE,226.5,226.5,,,,243.0,243.0,0.0,0.0,20.0
675,M1908-C-2600.DCE,20181212,DCE,196.0,196.0,,,,212.5,212.5,0.0,0.0,0.0
676,M1908-C-2650.DCE,20181212,DCE,168.5,168.5,,,,184.5,184.5,0.0,0.0,20.0
677,M1908-C-2700.DCE,20181212,DCE,144.0,144.0,,,,159.5,159.5,0.0,0.0,60.0
678,M1908-C-2750.DCE,20181212,DCE,122.0,122.0,,,,136.5,136.5,0.0,0.0,40.0
679,M1908-C-2800.DCE,20181212,DCE,102.5,102.5,,,,116.5,116.5,0.0,0.0,76.0
680,M1908-C-2850.DCE,20181212,DCE,85.5,80.0,,,,98.5,98.5,0.0,0.0,44.0
681,M1908-C-2900.DCE,20181212,DCE,70.5,70.5,,,,83.0,83.0,0.0,0.0,60.0
682,M1908-C-2950.DCE,20181212,DCE,58.0,58.0,,,,69.5,69.5,0.0,0.0,24.0
683,M1908-C-3000.DCE,20181212,DCE,47.5,47.5,,,,57.5,57.5,0.0,0.0,100.0
684,M1908-C-3050.DCE,20181212,DCE,38.5,38.5,,,,47.5,47.5,0.0,0.0,64.0
685,M1908-C-3100.DCE,20181212,DCE,31.0,35.0,,,,39.0,39.0,0.0,0.0,100.0
686,M1908-C-3150.DCE,20181212,DCE,24.5,24.5,32.0,32.0,32.0,32.0,32.0,0.0002,640.0,116.0
687,M1908-P-2450.DCE,20181212,DCE,48.5,48.5,,,,52.0,52.0,0.0,0.0,100.0
688,M1908-P-2500.DCE,20181212,DCE,62.5,62.5,,,,66.5,66.5,0.0,0.0,120.0
689,M1908-P-2550.DCE,20181212,DCE,79.5,79.5,,,,83.0,83.0,0.0,0.0,126.0
690,M1908-P-2600.DCE,20181212,DCE,99.0,99.0,,,,102.0,102.0,0.0,0.0,192.0
691,M1908-P-2650.DCE,20181212,DCE,121.0,121.0,,,,124.0,124.0,0.0,0.0,128.0
692,M1908-P-2700.DCE,20181212,DCE,146.0,146.0,,,,148.5,148.5,0.0,0.0,70.0
693,M1908-P-2750.DCE,20181212,DCE,173.5,173.5,,,,175.5,175.5,0.0,0.0,40.0
694,M1908-P-2800.DCE,20181212,DCE,204.0,204.0,,,,205.0,205.0,0.0,0.0,20.0
695,M1908-P-2850.DCE,20181212,DCE,236.5,236.5,,,,236.5,236.5,0.0,0.0,40.0
696,M1908-P-2900.DCE,20181212,DCE,271.5,271.5,,,,270.5,270.5,0.0,0.0,20.0
697,M1908-P-2950.DCE,20181212,DCE,308.5,308.5,,,,307.0,307.0,0.0,0.0,0.0
698,M1908-P-3000.DCE,20181212,DCE,347.5,347.5,,,,344.5,344.5,0.0,0.0,0.0
699,M1908-P-3050.DCE,20181212,DCE,388.5,388.5,,,,384.5,384.5,0.0,0.0,20.0
700,M1908-P-3100.DCE,20181212,DCE,430.5,430.5,,,,425.5,425.5,0.0,0.0,20.0
701,M1908-P-3150.DCE,20181212,DCE,474.0,474.0,,,,468.0,468.0,0.0,0.0,60.0
702,M1909-C-2450.DCE,20181212,DCE,312.0,312.0,316.0,316.0,316.0,316.0,309.0,0.0012,37920.0,16.0
703,M1909-C-2500.DCE,20181212,DCE,275.5,275.5,280.5,280.5,280.0,280.0,272.0,0.0026,72880.0,58.0
704,M1909-C-2550.DCE,20181212,DCE,241.0,241.0,,,,238.0,238.0,0.0,0.0,52.0
705,M1909-C-2600.DCE,20181212,DCE,209.5,209.5,,,,206.0,206.0,0.0,0.0,38.0
706,M1909-C-2650.DCE,20181212,DCE,181.0,184.0,,,,177.0,177.0,0.0,0.0,86.0
707,M1909-C-2700.DCE,20181212,DCE,155.0,152.0,147.5,158.5,147.5,158.5,151.0,0.0008,12270.0,286.0
708,M1909-C-2750.DCE,20181212,DCE,132.0,130.5,133.0,141.5,133.0,141.5,128.0,0.0038,51980.0,208.0
709,M1909-C-2800.DCE,20181212,DCE,111.0,113.5,119.5,119.5,119.5,119.5,107.0,0.0004,4780.0,106.0
710,M1909-C-2850.DCE,20181212,DCE,93.0,98.0,101.0,101.5,101.0,101.5,89.0,0.0006,6070.0,166.0
711,M1909-C-2900.DCE,20181212,DCE,77.5,77.5,,,,73.5,73.5,0.0,0.0,400.0
712,M1909-C-2950.DCE,20181212,DCE,63.5,72.5,,,,60.5,60.5,0.0,0.0,238.0
713,M1909-C-3000.DCE,20181212,DCE,52.0,63.5,64.5,64.5,64.5,64.5,49.0,0.0004,2580.0,1090.0
714,M1909-C-3050.DCE,20181212,DCE,42.5,42.5,57.0,57.0,57.0,57.0,39.5,0.0018,10260.0,132.0
715,M1909-C-3100.DCE,20181212,DCE,34.0,46.0,,,,31.5,31.5,0.0,0.0,342.0
716,M1909-C-3150.DCE,20181212,DCE,27.5,41.0,40.5,42.0,40.5,42.0,25.0,0.0004,1650.0,1192.0
717,M1909-P-2450.DCE,20181212,DCE,43.0,34.5,35.5,35.5,33.0,33.0,40.0,0.0004,1370.0,880.0
718,M1909-P-2500.DCE,20181212,DCE,56.0,48.0,45.0,45.0,45.0,45.0,53.0,0.0002,900.0,880.0
719,M1909-P-2550.DCE,20181212,DCE,71.5,65.0,65.0,65.0,59.5,59.5,68.0,0.0006,3790.0,1794.0
720,M1909-P-2600.DCE,20181212,DCE,89.5,79.5,82.5,82.5,77.5,78.0,86.0,0.0108,85850.0,582.0
721,M1909-P-2650.DCE,20181212,DCE,110.5,110.5,100.0,100.0,99.5,100.0,106.5,0.0064,63800.0,324.0
722,M1909-P-2700.DCE,20181212,DCE,134.0,134.0,124.5,125.5,124.5,125.5,130.5,0.0004,5000.0,438.0
723,M1909-P-2750.DCE,20181212,DCE,160.5,160.5,161.0,161.0,161.0,161.0,156.5,0.0016,25760.0,196.0
724,M1909-P-2800.DCE,20181212,DCE,189.5,187.0,192.5,192.5,183.0,183.0,185.5,0.0012,22150.0,196.0
725,M1909-P-2850.DCE,20181212,DCE,221.0,225.0,227.0,229.0,213.5,213.5,217.5,0.0006,13390.0,354.0
726,M1909-P-2900.DCE,20181212,DCE,255.0,255.0,,,,251.5,251.5,0.0,0.0,52.0
727,M1909-P-2950.DCE,20181212,DCE,291.0,291.0,,,,287.5,287.5,0.0,0.0,108.0
728,M1909-P-3000.DCE,20181212,DCE,329.0,329.0,323.0,323.0,323.0,323.0,326.0,0.0004,12920.0,50.0
729,M1909-P-3050.DCE,20181212,DCE,369.0,369.0,,,,366.0,366.0,0.0,0.0,2.0
730,M1909-P-3100.DCE,20181212,DCE,410.5,410.5,405.5,405.5,405.5,405.5,408.0,0.0006,24330.0,46.0
731,M1909-P-3150.DCE,20181212,DCE,453.5,453.5,446.0,446.0,446.0,446.0,451.5,0.0006,26760.0,6.0
732,M1911-C-2500.DCE,20181212,DCE,316.5,316.5,,,,285.0,285.0,0.0,0.0,0.0
733,M1911-C-2550.DCE,20181212,DCE,283.5,283.5,,,,250.0,250.0,0.0,0.0,0.0
734,M1911-C-2600.DCE,20181212,DCE,253.5,253.5,,,,217.5,217.5,0.0,0.0,0.0
735,M1911-C-2650.DCE,20181212,DCE,225.0,225.0,,,,188.0,188.0,0.0,0.0,0.0
736,M1911-C-2700.DCE,20181212,DCE,199.0,199.0,,,,161.0,161.0,0.0,0.0,0.0
737,M1911-C-2750.DCE,20181212,DCE,175.5,175.5,,,,137.0,137.0,0.0,0.0,0.0
738,M1911-C-2800.DCE,20181212,DCE,153.5,153.5,,,,115.5,115.5,0.0,0.0,0.0
739,M1911-C-2850.DCE,20181212,DCE,134.0,134.0,,,,97.0,97.0,0.0,0.0,0.0
740,M1911-C-2900.DCE,20181212,DCE,116.5,116.5,,,,80.5,80.5,0.0,0.0,0.0
741,M1911-C-2950.DCE,20181212,DCE,101.0,101.0,,,,66.5,66.5,0.0,0.0,0.0
742,M1911-C-3000.DCE,20181212,DCE,87.0,87.0,,,,54.0,54.0,0.0,0.0,0.0
743,M1911-C-3050.DCE,20181212,DCE,74.5,74.5,,,,44.0,44.0,0.0,0.0,80.0
744,M1911-C-3100.DCE,20181212,DCE,64.0,64.0,,,,35.5,35.5,0.0,0.0,82.0
745,M1911-P-2500.DCE,20181212,DCE,78.5,78.5,50.5,50.5,50.5,50.5,50.5,0.0002,1010.0,22.0
746,M1911-P-2550.DCE,20181212,DCE,95.5,95.5,,,,65.0,65.0,0.0,0.0,0.0
747,M1911-P-2600.DCE,20181212,DCE,114.5,114.5,,,,82.0,82.0,0.0,0.0,20.0
748,M1911-P-2650.DCE,20181212,DCE,136.0,136.0,,,,102.0,102.0,0.0,0.0,20.0
749,M1911-P-2700.DCE,20181212,DCE,159.5,159.5,,,,124.5,124.5,0.0,0.0,20.0
750,M1911-P-2750.DCE,20181212,DCE,185.5,185.5,,,,150.0,150.0,0.0,0.0,20.0
751,M1911-P-2800.DCE,20181212,DCE,213.0,213.0,,,,178.0,178.0,0.0,0.0,20.0
752,M1911-P-2850.DCE,20181212,DCE,243.0,243.0,,,,209.0,209.0,0.0,0.0,20.0
753,M1911-P-2900.DCE,20181212,DCE,275.0,275.0,,,,242.0,242.0,0.0,0.0,20.0
754,M1911-P-2950.DCE,20181212,DCE,309.0,309.0,,,,277.5,277.5,0.0,0.0,20.0
755,M1911-P-3000.DCE,20181212,DCE,344.5,344.5,,,,315.0,315.0,0.0,0.0,20.0
756,M1911-P-3050.DCE,20181212,DCE,382.0,382.0,,,,354.5,354.5,0.0,0.0,20.0
757,M1911-P-3100.DCE,20181212,DCE,420.5,420.5,,,,395.5,395.5,0.0,0.0,0.0
