,ts_code,trade_date,exchange,pre_settle,pre_close,open,high,low,close,settle,vol,amount,oi
0,SR903C4300.ZCE,20181212,CZCE,642.0,642.0,0.0,0.0,0.0,0.0,643.0,0.0,0.0,0.0
1,SR903C4400.ZCE,20181212,CZCE,545.5,545.5,0.0,0.0,0.0,0.0,546.0,0.0,0.0,8.0
2,SR903C4500.ZCE,20181212,CZCE,452.0,452.0,0.0,0.0,0.0,0.0,452.5,0.0,0.0,8.0
3,SR903C4600.ZCE,20181212,CZCE,355.0,355.0,0.0,0.0,0.0,0.0,355.5,0.0,0.0,52.0
4,SR903C4700.ZCE,20181212,CZCE,263.5,263.5,0.0,0.0,0.0,0.0,263.5,0.0,0.0,62.0
5,SR903C4800.ZCE,20181212,CZCE,182.0,161.0,173.0,173.0,173.0,173.0,182.0,0.0018,30000.0,60.0
6,SR903C4900.ZCE,20181212,CZCE,118.0,111.5,105.5,109.5,105.5,109.5,117.5,0.0042,40000.0,158.0
7,SR903C5000.ZCE,20181212,CZCE,75.0,75.0,65.5,65.5,65.5,65.5,74.0,0.0004,2620.0,142.0
8,SR903C5100.ZCE,20181212,CZCE,50.0,37.0,36.0,38.0,36.0,36.5,49.0,0.0006,2210.0,296.0
9,SR903C5200.ZCE,20181212,CZCE,37.5,37.5,0.0,0.0,0.0,0.0,36.5,0.0,0.0,228.0
10,SR903C5300.ZCE,20181212,CZCE,32.0,32.0,0.0,0.0,0.0,0.0,31.5,0.0,0.0,162.0
11,SR903C5400.ZCE,20181212,CZCE,19.5,19.5,0.0,0.0,0.0,0.0,19.0,0.0,0.0,192.0
12,SR903C5500.ZCE,20181212,CZCE,11.5,11.5,0.0,0.0,0.0,0.0,11.0,0.0,0.0,196.0
13,SR903C5600.ZCE,20181212,CZCE,6.5,6.5,0.0,0.0,0.0,0.0,6.0,0.0,0.0,118.0
14,SR903C5700.ZCE,20181212,CZCE,3.5,3.5,0.0,0.0,0.0,0.0,3.0,0.0,0.0,200.0
15,SR903C5800.ZCE,20181212,CZCE,1.5,1.5,0.0,0.0,0.0,0.0,1.5,0.0,0.0,124.0
16,SR903C5900.ZCE,20181212,CZCE,1.0,1.0,0.0,0.0,0.0,0.0,1.0,0.0,0.0,100.0
17,SR903C6000.ZCE,20181212,CZCE,0.5,0.5,0.0,0.0,0.0,0.0,0.5,0.0,0.0,70.0
18,SR903C6100.ZCE,20181212,CZCE,0.5,0.5,0.0,0.0,0.0,0.0,0.5,0.0,0.0,62.0
19,SR903C6200.ZCE,20181212,CZCE,0.5,0.5,0.0,0.0,0.0,0.0,0.5,0.0,0.0,122.0
20,SR903C6300.ZCE,20181212,CZCE,0.5,0.5,0.0,0.0,0.0,0.0,0.5,0.0,0.0,360.0
21,SR903C6400.ZCE,20181212,CZCE,0.5,0.5,0.0,0.0,0.0,0.0,0.5,0.0,0.0,64.0
22,SR903C6500.ZCE,20181212,CZCE,0.5,0.5,0.5,0.5,0.5,0.5,0.5,0.001,50.0,148.0
23,SR903C6600.ZCE,20181212,CZCE,0.5,0.5,0.0,0.0,0.0,0.0,0.5,0.0,0.0,216.0
24,SR903P4300.ZCE,20181212,CZCE,2.5,2.5,0.0,0.0,0.0,0.0,2.0,0.0,0.0,102.0
25,SR903P4400.ZCE,20181212,CZCE,6.0,6.0,2.0,2.0,2.0,2.0,5.5,0.0004,80.0,42.0
26,SR903P4500.ZCE,20181212,CZCE,12.5,12.5,0.0,0.0,0.0,0.0,12.0,0.0,0.0,138.0
27,SR903P4600.ZCE,20181212,CZCE,15.0,15.0,8.5,9.5,8.5,9.5,14.5,0.0016,1480.0,206.0
28,SR903P4700.ZCE,20181212,CZCE,23.5,23.5,23.0,23.0,23.0,23.0,22.5,0.0002,460.0,326.0
29,SR903P4800.ZCE,20181212,CZCE,41.5,47.0,43.0,45.0,43.0,45.0,40.5,0.0012,5360.0,164.0
30,SR903P4900.ZCE,20181212,CZCE,77.0,87.0,0.0,0.0,0.0,0.0,75.5,0.0,0.0,160.0
31,SR903P5000.ZCE,20181212,CZCE,133.5,133.5,0.0,0.0,0.0,0.0,132.0,0.0,0.0,318.0
32,SR903P5100.ZCE,20181212,CZCE,208.5,208.5,0.0,0.0,0.0,0.0,206.5,0.0,0.0,198.0
33,SR903P5200.ZCE,20181212,CZCE,295.5,295.5,0.0,0.0,0.0,0.0,293.5,0.0,0.0,80.0
34,SR903P5300.ZCE,20181212,CZCE,390.0,390.0,0.0,0.0,0.0,0.0,388.0,0.0,0.0,96.0
35,SR903P5400.ZCE,20181212,CZCE,477.0,477.0,0.0,0.0,0.0,0.0,475.5,0.0,0.0,208.0
36,SR903P5500.ZCE,20181212,CZCE,568.5,568.5,0.0,0.0,0.0,0.0,567.5,0.0,0.0,58.0
37,SR903P5600.ZCE,20181212,CZCE,663.5,663.5,0.0,0.0,0.0,0.0,662.5,0.0,0.0,82.0
38,SR903P5700.ZCE,20181212,CZCE,761.0,761.0,0.0,0.0,0.0,0.0,759.5,0.0,0.0,26.0
39,SR903P5800.ZCE,20181212,CZCE,859.5,859.5,0.0,0.0,0.0,0.0,858.5,0.0,0.0,8.0
40,SR903P5900.ZCE,20181212,CZCE,959.0,959.0,0.0,0.0,0.0,0.0,958.0,0.0,0.0,2.0
41,SR903P6000.ZCE,20181212,CZCE,1059.0,1059.0,0.0,0.0,0.0,0.0,1058.0,0.0,0.0,4.0
42,SR903P6100.ZCE,20181212,CZCE,1159.0,1159.0,0.0,0.0,0.0,0.0,1158.0,0.0,0.0,8.0
43,SR903P6200.ZCE,20181212,CZCE,1259.0,1259.0,0.0,0.0,0.0,0.0,1258.0,0.0,0.0,0.0
44,SR903P6300.ZCE,20181212,CZCE,1359.0,1359.0,0.0,0.0,0.0,0.0,1358.0,0.0,0.0,4.0
45,SR903P6400.ZCE,20181212,CZCE,1459.0,1459.0,0.0,0.0,0.0,0.0,1458.0,0.0,0.0,6.0
46,SR903P6500.ZCE,20181212,CZCE,1559.0,1559.0,0.0,0.0,0.0,0.0,1558.0,0.0,0.0,2.0
47,SR903P6600.ZCE,20181212,CZCE,1659.0,1659.0,0.0,0.0,0.0,0.0,1658.0,0.0,0.0,6.0
48,SR905C4300.ZCE,20181212,CZCE,619.0,611.0,0.0,0.0,0.0,0.0,618.0,0.0,0.0,184.0
49,SR905C4400.ZCE,20181212,CZCE,525.5,533.5,522.5,526.5,519.5,519.5,524.0,0.0018,90000.0,180.0
50,SR905C4500.ZCE,20181212,CZCE,436.5,424.5,433.0,439.0,433.0,434.0,434.0,0.006,260000.0,422.0
51,SR905C4600.ZCE,20181212,CZCE,353.5,346.0,351.0,351.5,344.0,344.0,350.5,0.0152,530000.0,956.0
52,SR905C4700.ZCE,20181212,CZCE,279.0,272.0,276.0,279.0,268.0,279.0,275.0,0.0146,400000.0,910.0
53,SR905C4800.ZCE,20181212,CZCE,214.5,207.5,213.5,213.5,203.0,203.0,210.5,0.0026,50000.0,914.0
54,SR905C4900.ZCE,20181212,CZCE,160.5,153.5,155.5,160.0,150.0,155.5,156.5,0.024,370000.0,2304.0
55,SR905C5000.ZCE,20181212,CZCE,117.5,112.5,105.0,118.5,105.0,115.0,114.0,0.0486,550000.0,2682.0
56,SR905C5100.ZCE,20181212,CZCE,85.5,81.5,85.0,85.0,79.5,84.0,82.5,0.0294,240000.0,4238.0
57,SR905C5200.ZCE,20181212,CZCE,61.5,60.0,62.0,62.0,57.5,61.0,59.0,0.0348,200000.0,3434.0
58,SR905C5300.ZCE,20181212,CZCE,44.0,43.5,45.5,46.0,42.5,44.5,42.5,0.0822,360000.0,7754.0
59,SR905C5400.ZCE,20181212,CZCE,32.0,31.5,33.5,33.5,31.0,33.5,31.0,0.1036,330000.0,12330.0
60,SR905C5500.ZCE,20181212,CZCE,23.5,23.0,25.0,25.0,22.5,24.5,22.5,0.06,140000.0,9330.0
61,SR905C5600.ZCE,20181212,CZCE,17.5,18.5,17.5,19.0,17.0,18.5,17.0,0.03,50000.0,10612.0
62,SR905C5700.ZCE,20181212,CZCE,13.5,14.0,13.5,13.5,12.5,13.0,13.5,0.032,40000.0,3550.0
63,SR905C5800.ZCE,20181212,CZCE,11.0,10.0,9.5,10.5,9.5,10.5,10.5,0.004,4000.0,3308.0
64,SR905C5900.ZCE,20181212,CZCE,9.0,7.0,0.0,0.0,0.0,0.0,9.0,0.0,0.0,1600.0
65,SR905C6000.ZCE,20181212,CZCE,7.5,6.0,7.0,7.0,5.5,5.5,7.5,0.0054,3110.0,5762.0
66,SR905C6100.ZCE,20181212,CZCE,6.5,4.0,0.0,0.0,0.0,0.0,6.5,0.0,0.0,1550.0
67,SR905C6200.ZCE,20181212,CZCE,5.5,5.5,0.0,0.0,0.0,0.0,6.0,0.0,0.0,530.0
68,SR905C6300.ZCE,20181212,CZCE,5.0,5.0,0.0,0.0,0.0,0.0,5.5,0.0,0.0,814.0
69,SR905C6400.ZCE,20181212,CZCE,5.0,5.0,0.0,0.0,0.0,0.0,5.0,0.0,0.0,812.0
70,SR905C6500.ZCE,20181212,CZCE,4.5,2.5,2.0,3.0,2.0,3.0,5.0,0.0036,1060.0,1866.0
71,SR905P4300.ZCE,20181212,CZCE,9.5,11.5,10.5,11.5,10.5,10.5,8.0,0.0354,30000.0,2688.0
72,SR905P4400.ZCE,20181212,CZCE,16.0,18.0,16.5,16.5,15.5,15.5,14.0,0.0264,40000.0,2352.0
73,SR905P4500.ZCE,20181212,CZCE,26.5,27.5,26.5,26.5,24.0,24.0,24.0,0.0412,100000.0,4990.0
74,SR905P4600.ZCE,20181212,CZCE,43.0,42.0,41.0,42.0,38.0,38.0,40.0,0.0352,140000.0,6060.0
75,SR905P4700.ZCE,20181212,CZCE,67.5,66.5,63.0,66.5,61.0,61.0,64.0,0.0792,500000.0,3388.0
76,SR905P4800.ZCE,20181212,CZCE,102.5,99.5,98.5,99.5,92.5,93.0,98.5,0.1364,1310000.0,8840.0
77,SR905P4900.ZCE,20181212,CZCE,147.5,146.0,142.0,147.0,137.0,139.0,143.5,0.0456,640000.0,10466.0
78,SR905P5000.ZCE,20181212,CZCE,204.0,204.5,202.0,202.5,195.0,196.5,200.5,0.0156,310000.0,3074.0
79,SR905P5100.ZCE,20181212,CZCE,270.5,273.5,271.0,271.0,266.0,266.5,268.0,0.0084,220000.0,1478.0
80,SR905P5200.ZCE,20181212,CZCE,346.0,351.0,346.0,352.0,343.5,343.5,343.5,0.0094,320000.0,1664.0
81,SR905P5300.ZCE,20181212,CZCE,428.0,432.0,429.5,429.5,429.5,429.5,426.5,0.0002,8590.0,844.0
82,SR905P5400.ZCE,20181212,CZCE,515.5,515.5,520.0,520.0,514.0,514.0,514.5,0.0014,70000.0,738.0
83,SR905P5500.ZCE,20181212,CZCE,606.5,606.5,612.0,615.0,609.0,615.0,606.0,0.0032,190000.0,550.0
84,SR905P5600.ZCE,20181212,CZCE,700.0,700.0,0.0,0.0,0.0,0.0,700.0,0.0,0.0,338.0
85,SR905P5700.ZCE,20181212,CZCE,796.0,805.5,801.0,806.0,798.0,805.5,796.0,0.0044,350000.0,232.0
86,SR905P5800.ZCE,20181212,CZCE,893.0,893.0,897.0,902.5,896.0,902.5,893.0,0.0042,370000.0,178.0
87,SR905P5900.ZCE,20181212,CZCE,991.0,991.0,999.5,1000.0,999.5,1000.0,991.0,0.0014,130000.0,130.0
88,SR905P6000.ZCE,20181212,CZCE,1089.5,1089.5,1090.5,1091.5,1090.5,1091.5,1090.0,0.0014,150000.0,196.0
89,SR905P6100.ZCE,20181212,CZCE,1189.0,1189.0,1189.5,1197.0,1188.5,1197.0,1189.0,0.0098,1160000.0,182.0
90,SR905P6200.ZCE,20181212,CZCE,1288.0,1288.0,0.0,0.0,0.0,0.0,1288.5,0.0,0.0,58.0
91,SR905P6300.ZCE,20181212,CZCE,1387.5,1387.5,0.0,0.0,0.0,0.0,1388.0,0.0,0.0,70.0
92,SR905P6400.ZCE,20181212,CZCE,1487.5,1487.5,0.0,0.0,0.0,0.0,1487.5,0.0,0.0,80.0
93,SR905P6500.ZCE,20181212,CZCE,1587.5,1598.0,1610.5,1610.5,1610.5,1610.5,1587.5,0.002,320000.0,72.0
94,SR907C4400.ZCE,20181212,CZCE,558.5,558.5,0.0,0.0,0.0,0.0,557.0,0.0,0.0,2.0
95,SR907C4500.ZCE,20181212,CZCE,472.5,472.5,0.0,0.0,0.0,0.0,471.0,0.0,0.0,2.0
96,SR907C4600.ZCE,20181212,CZCE,393.0,393.0,0.0,0.0,0.0,0.0,391.5,0.0,0.0,2.0
97,SR907C4700.ZCE,20181212,CZCE,320.5,320.5,0.0,0.0,0.0,0.0,319.0,0.0,0.0,6.0
98,SR907C4800.ZCE,20181212,CZCE,256.5,256.5,0.0,0.0,0.0,0.0,255.5,0.0,0.0,4.0
99,SR907C4900.ZCE,20181212,CZCE,202.0,202.0,0.0,0.0,0.0,0.0,201.0,0.0,0.0,14.0
100,SR907C5000.ZCE,20181212,CZCE,156.5,156.5,0.0,0.0,0.0,0.0,156.0,0.0,0.0,40.0
101,SR907C5100.ZCE,20181212,CZCE,120.0,90.0,90.0,90.0,89.0,89.0,120.0,0.0004,3580.0,76.0
102,SR907C5200.ZCE,20181212,CZCE,91.5,91.5,0.0,0.0,0.0,0.0,92.0,0.0,0.0,48.0
103,SR907C5300.ZCE,20181212,CZCE,69.5,69.5,0.0,0.0,0.0,0.0,70.5,0.0,0.0,162.0
104,SR907C5400.ZCE,20181212,CZCE,53.5,53.5,0.0,0.0,0.0,0.0,54.0,0.0,0.0,236.0
105,SR907C5500.ZCE,20181212,CZCE,41.0,41.0,0.0,0.0,0.0,0.0,41.5,0.0,0.0,284.0
106,SR907C5600.ZCE,20181212,CZCE,32.0,32.0,0.0,0.0,0.0,0.0,33.0,0.0,0.0,116.0
107,SR907C5700.ZCE,20181212,CZCE,25.5,25.5,0.0,0.0,0.0,0.0,26.5,0.0,0.0,100.0
108,SR907C5800.ZCE,20181212,CZCE,20.5,20.5,0.0,0.0,0.0,0.0,21.0,0.0,0.0,104.0
109,SR907C5900.ZCE,20181212,CZCE,17.0,17.0,0.0,0.0,0.0,0.0,18.0,0.0,0.0,54.0
110,SR907C6000.ZCE,20181212,CZCE,14.0,5.5,0.0,0.0,0.0,0.0,15.0,0.0,0.0,228.0
111,SR907C6100.ZCE,20181212,CZCE,12.5,12.5,0.0,0.0,0.0,0.0,13.0,0.0,0.0,106.0
112,SR907C6200.ZCE,20181212,CZCE,11.0,11.0,0.0,0.0,0.0,0.0,11.5,0.0,0.0,366.0
113,SR907P4400.ZCE,20181212,CZCE,29.5,29.5,0.0,0.0,0.0,0.0,27.5,0.0,0.0,108.0
114,SR907P4500.ZCE,20181212,CZCE,43.0,43.0,0.0,0.0,0.0,0.0,41.0,0.0,0.0,164.0
115,SR907P4600.ZCE,20181212,CZCE,62.0,62.0,50.0,50.0,50.0,50.0,60.5,0.006,30000.0,166.0
116,SR907P4700.ZCE,20181212,CZCE,88.5,88.5,0.0,0.0,0.0,0.0,87.0,0.0,0.0,108.0
117,SR907P4800.ZCE,20181212,CZCE,123.5,96.5,107.5,107.5,107.5,107.5,122.5,0.0004,4300.0,56.0
118,SR907P4900.ZCE,20181212,CZCE,167.5,167.5,0.0,0.0,0.0,0.0,166.5,0.0,0.0,168.0
119,SR907P5000.ZCE,20181212,CZCE,220.5,220.5,0.0,0.0,0.0,0.0,220.5,0.0,0.0,174.0
120,SR907P5100.ZCE,20181212,CZCE,282.5,282.5,0.0,0.0,0.0,0.0,283.0,0.0,0.0,112.0
121,SR907P5200.ZCE,20181212,CZCE,353.0,353.0,0.0,0.0,0.0,0.0,353.5,0.0,0.0,62.0
122,SR907P5300.ZCE,20181212,CZCE,430.0,430.0,0.0,0.0,0.0,0.0,431.0,0.0,0.0,38.0
123,SR907P5400.ZCE,20181212,CZCE,512.5,512.5,0.0,0.0,0.0,0.0,513.5,0.0,0.0,20.0
124,SR907P5500.ZCE,20181212,CZCE,599.5,599.5,0.0,0.0,0.0,0.0,600.5,0.0,0.0,10.0
125,SR907P5600.ZCE,20181212,CZCE,690.0,690.0,0.0,0.0,0.0,0.0,690.5,0.0,0.0,8.0
126,SR907P5700.ZCE,20181212,CZCE,783.0,783.0,0.0,0.0,0.0,0.0,784.0,0.0,0.0,0.0
127,SR907P5800.ZCE,20181212,CZCE,877.5,877.5,0.0,0.0,0.0,0.0,878.5,0.0,0.0,4.0
128,SR907P5900.ZCE,20181212,CZCE,974.0,974.0,0.0,0.0,0.0,0.0,975.0,0.0,0.0,0.0
129,SR907P6000.ZCE,20181212,CZCE,1071.0,1071.0,0.0,0.0,0.0,0.0,1072.0,0.0,0.0,0.0
130,SR907P6100.ZCE,20181212,CZCE,1169.5,1169.5,0.0,0.0,0.0,0.0,1170.0,0.0,0.0,2.0
131,SR907P6200.ZCE,20181212,CZCE,1268.0,1268.0,0.0,0.0,0.0,0.0,1268.5,0.0,0.0,6.0
132,SR909C4400.ZCE,20181212,CZCE,599.5,599.5,0.0,0.0,0.0,0.0,595.5,0.0,0.0,86.0
133,SR909C4500.ZCE,20181212,CZCE,515.0,515.0,0.0,0.0,0.0,0.0,512.0,0.0,0.0,56.0
134,SR909C4600.ZCE,20181212,CZCE,435.5,435.5,0.0,0.0,0.0,0.0,434.0,0.0,0.0,152.0
135,SR909C4700.ZCE,20181212,CZCE,363.0,363.0,0.0,0.0,0.0,0.0,363.0,0.0,0.0,276.0
136,SR909C4800.ZCE,20181212,CZCE,297.5,297.5,0.0,0.0,0.0,0.0,299.0,0.0,0.0,392.0
137,SR909C4900.ZCE,20181212,CZCE,240.0,240.0,0.0,0.0,0.0,0.0,242.5,0.0,0.0,498.0
138,SR909C5000.ZCE,20181212,CZCE,191.0,190.0,193.5,195.5,193.5,195.5,194.5,0.0022,40000.0,772.0
139,SR909C5100.ZCE,20181212,CZCE,150.0,152.0,156.0,156.0,154.0,154.0,154.0,0.0006,9320.0,1244.0
140,SR909C5200.ZCE,20181212,CZCE,117.0,117.5,119.5,123.0,119.5,123.0,121.0,0.0008,9680.0,1178.0
141,SR909C5300.ZCE,20181212,CZCE,90.0,92.5,95.0,95.5,94.5,95.5,94.5,0.0072,60000.0,3834.0
142,SR909C5400.ZCE,20181212,CZCE,70.0,71.0,74.0,75.0,73.0,75.0,74.0,0.1608,1190000.0,4942.0
143,SR909C5500.ZCE,20181212,CZCE,54.5,56.5,59.0,59.0,56.5,58.5,58.0,0.0252,140000.0,2402.0
144,SR909C5600.ZCE,20181212,CZCE,42.5,43.5,45.0,45.5,44.5,45.5,45.0,0.011,40000.0,2706.0
145,SR909C5700.ZCE,20181212,CZCE,33.0,35.0,36.0,36.0,35.5,35.5,35.5,0.012,40000.0,594.0
146,SR909C5800.ZCE,20181212,CZCE,26.5,28.0,27.5,28.5,27.5,28.0,28.5,0.0192,50000.0,2176.0
147,SR909P4400.ZCE,20181212,CZCE,39.0,39.0,39.0,39.0,37.5,38.0,39.0,0.0122,40000.0,1308.0
148,SR909P4500.ZCE,20181212,CZCE,53.5,55.0,56.0,56.0,56.0,56.0,54.5,0.002,10000.0,1148.0
149,SR909P4600.ZCE,20181212,CZCE,73.0,75.5,0.0,0.0,0.0,0.0,75.5,0.0,0.0,1104.0
150,SR909P4700.ZCE,20181212,CZCE,98.5,103.5,99.5,99.5,99.5,99.5,102.5,0.0002,1990.0,990.0
151,SR909P4800.ZCE,20181212,CZCE,131.5,138.5,134.5,137.0,134.5,137.0,137.0,0.0012,10000.0,2678.0
152,SR909P4900.ZCE,20181212,CZCE,172.5,176.5,176.0,176.0,175.5,175.5,179.0,0.0022,30000.0,1098.0
153,SR909P5000.ZCE,20181212,CZCE,221.5,231.5,0.0,0.0,0.0,0.0,229.0,0.0,0.0,654.0
154,SR909P5100.ZCE,20181212,CZCE,278.5,278.5,0.0,0.0,0.0,0.0,286.5,0.0,0.0,946.0
155,SR909P5200.ZCE,20181212,CZCE,343.5,343.5,0.0,0.0,0.0,0.0,351.5,0.0,0.0,406.0
156,SR909P5300.ZCE,20181212,CZCE,415.0,403.5,0.0,0.0,0.0,0.0,423.5,0.0,0.0,584.0
157,SR909P5400.ZCE,20181212,CZCE,493.5,501.5,0.0,0.0,0.0,0.0,501.5,0.0,0.0,390.0
158,SR909P5500.ZCE,20181212,CZCE,577.0,588.5,0.0,0.0,0.0,0.0,584.0,0.0,0.0,114.0
159,SR909P5600.ZCE,20181212,CZCE,664.0,680.0,671.0,671.0,671.0,671.0,670.5,0.0004,20000.0,130.0
160,SR909P5700.ZCE,20181212,CZCE,753.5,766.0,759.5,759.5,759.5,759.5,760.0,0.0012,90000.0,36.0
161,SR909P5800.ZCE,20181212,CZCE,847.0,847.0,851.0,855.0,851.0,855.0,852.5,0.0012,100000.0,60.0
