,ts_code,trade_date,exchange,pre_settle,pre_close,open,high,low,close,settle,vol,amount,oi
0,CU1901C46000.SHF,20181212,SHFE,3082.0,3082.0,3222.0,3441.0,3100.0,3110.0,3221.0,0.051,8382700.0,922.0
1,CU1901C47000.SHF,20181212,SHFE,2138.0,2165.0,2254.0,2470.0,2118.0,2141.0,2243.0,0.0698,8012310.0,502.0
2,CU1901C48000.SHF,20181212,SHFE,1307.0,1313.0,1349.0,1559.0,1230.0,1247.0,1349.0,0.141,9771390.0,576.0
3,CU1901C49000.SHF,20181212,SHFE,676.0,645.0,700.0,797.0,542.0,547.0,654.0,0.272,9290820.0,1098.0
4,CU1901C50000.SHF,20181212,SHFE,286.0,252.0,286.0,315.0,158.0,167.0,239.0,0.3908,4680140.0,2982.0
5,CU1901C51000.SHF,20181212,SHFE,96.0,79.0,100.0,100.0,37.0,37.0,63.0,0.3508,1210210.0,2602.0
6,CU1901C52000.SHF,20181212,SHFE,25.0,22.0,26.0,26.0,8.0,10.0,11.0,0.1486,124040.0,1390.0
7,CU1901C53000.SHF,20181212,SHFE,5.0,7.0,7.0,9.0,4.0,4.0,1.0,0.0332,9890.0,1990.0
8,CU1901C54000.SHF,20181212,SHFE,1.0,2.0,3.0,4.0,1.0,2.0,1.0,0.0286,3670.0,1988.0
9,CU1901P46000.SHF,20181212,SHFE,14.0,27.0,21.0,21.0,10.0,12.0,2.0,0.1102,78490.0,5330.0
10,CU1901P47000.SHF,20181212,SHFE,69.0,73.0,60.0,62.0,29.0,37.0,25.0,0.2052,375910.0,2928.0
11,CU1901P48000.SHF,20181212,SHFE,237.0,221.0,185.0,196.0,116.0,143.0,130.0,0.2572,1781270.0,3180.0
12,CU1901P49000.SHF,20181212,SHFE,606.0,557.0,482.0,520.0,348.0,439.0,434.0,0.2986,6124800.0,2618.0
13,CU1901P50000.SHF,20181212,SHFE,1215.0,1167.0,1041.0,1097.0,866.0,1060.0,1019.0,0.1788,8662040.0,688.0
14,CU1901P51000.SHF,20181212,SHFE,2025.0,2005.0,1838.0,1951.0,1650.0,1932.0,1842.0,0.1204,11009250.0,732.0
15,CU1901P52000.SHF,20181212,SHFE,2953.0,2932.0,2813.0,2911.0,2579.0,2905.0,2790.0,0.071,9876060.0,550.0
16,CU1901P53000.SHF,20181212,SHFE,3932.0,3913.0,3790.0,3908.0,3570.0,3897.0,3779.0,0.069,12999620.0,776.0
17,CU1901P54000.SHF,20181212,SHFE,4927.0,4903.0,4782.0,4891.0,4563.0,4856.0,4777.0,0.0446,10497720.0,740.0
18,CU1902C46000.SHF,20181212,SHFE,3175.0,3207.0,3288.0,3532.0,3191.0,3196.0,3353.0,0.0586,9873960.0,748.0
19,CU1902C47000.SHF,20181212,SHFE,2359.0,2385.0,2448.0,2670.0,2345.0,2350.0,2502.0,0.0428,5366770.0,456.0
20,CU1902C48000.SHF,20181212,SHFE,1659.0,1658.0,1717.0,1904.0,1609.0,1618.0,1762.0,0.0412,3624660.0,346.0
21,CU1902C49000.SHF,20181212,SHFE,1097.0,1087.0,1153.0,1274.0,1030.0,1037.0,1162.0,0.0764,4333660.0,840.0
22,CU1902C50000.SHF,20181212,SHFE,679.0,663.0,715.0,796.0,613.0,615.0,712.0,0.092,3199720.0,818.0
23,CU1902C51000.SHF,20181212,SHFE,392.0,375.0,411.0,466.0,339.0,345.0,404.0,0.125,2432790.0,990.0
24,CU1902C52000.SHF,20181212,SHFE,210.0,200.0,223.0,256.0,177.0,177.0,211.0,0.0672,711090.0,1102.0
25,CU1902C53000.SHF,20181212,SHFE,105.0,105.0,114.0,135.0,90.0,93.0,102.0,0.0968,536260.0,884.0
26,CU1902C54000.SHF,20181212,SHFE,48.0,52.0,60.0,71.0,46.0,47.0,45.0,0.072,203330.0,1640.0
27,CU1902P46000.SHF,20181212,SHFE,170.0,153.0,136.0,142.0,111.0,132.0,119.0,0.1658,1033300.0,2144.0
28,CU1902P47000.SHF,20181212,SHFE,353.0,320.0,286.0,297.0,241.0,285.0,266.0,0.0866,1163380.0,1436.0
29,CU1902P48000.SHF,20181212,SHFE,651.0,600.0,546.0,567.0,473.0,549.0,525.0,0.0986,2574730.0,1268.0
30,CU1902P49000.SHF,20181212,SHFE,1087.0,1021.0,968.0,972.0,835.0,966.0,922.0,0.0622,2836600.0,990.0
31,CU1902P50000.SHF,20181212,SHFE,1667.0,1589.0,1478.0,1550.0,1363.0,1546.0,1471.0,0.0444,3220770.0,376.0
32,CU1902P51000.SHF,20181212,SHFE,2378.0,2306.0,2194.0,2273.0,2029.0,2264.0,2161.0,0.032,3456070.0,260.0
33,CU1902P52000.SHF,20181212,SHFE,3194.0,3128.0,3047.0,3105.0,2817.0,3097.0,2966.0,0.0286,4247260.0,298.0
34,CU1902P53000.SHF,20181212,SHFE,4087.0,4058.0,3941.0,4014.0,3693.0,4005.0,3855.0,0.0462,8912280.0,554.0
35,CU1902P54000.SHF,20181212,SHFE,5029.0,4972.0,4885.0,4966.0,4626.0,4957.0,4796.0,0.0516,12350710.0,996.0
36,CU1903C46000.SHF,20181212,SHFE,3340.0,3367.0,3507.0,3665.0,3345.0,3362.0,3484.0,0.0156,2706260.0,226.0
37,CU1903C47000.SHF,20181212,SHFE,2577.0,2611.0,2730.0,2842.0,2553.0,2556.0,2695.0,0.0096,1303190.0,146.0
38,CU1903C48000.SHF,20181212,SHFE,1917.0,1928.0,1978.0,2122.0,1879.0,1879.0,2008.0,0.0196,1948170.0,174.0
39,CU1903C49000.SHF,20181212,SHFE,1370.0,1365.0,1438.0,1521.0,1310.0,1310.0,1435.0,0.0264,1842140.0,226.0
40,CU1903C50000.SHF,20181212,SHFE,939.0,926.0,948.0,1052.0,878.0,881.0,982.0,0.0226,1070250.0,414.0
41,CU1903C51000.SHF,20181212,SHFE,617.0,608.0,639.0,690.0,569.0,575.0,642.0,0.033,1032520.0,352.0
42,CU1903C52000.SHF,20181212,SHFE,387.0,390.0,409.0,443.0,359.0,362.0,401.0,0.0444,875930.0,344.0
43,CU1903C53000.SHF,20181212,SHFE,233.0,247.0,258.0,287.0,225.0,227.0,238.0,0.0694,873420.0,322.0
44,CU1903C54000.SHF,20181212,SHFE,134.0,153.0,990.0,990.0,141.0,145.0,135.0,0.098,799750.0,1350.0
45,CU1903P46000.SHF,20181212,SHFE,320.0,321.0,300.0,301.0,245.0,283.0,263.0,0.073,982320.0,800.0
46,CU1903P47000.SHF,20181212,SHFE,553.0,532.0,500.0,504.0,427.0,480.0,472.0,0.0502,1163930.0,384.0
47,CU1903P48000.SHF,20181212,SHFE,890.0,847.0,808.0,811.0,703.0,786.0,782.0,0.0472,1794870.0,300.0
48,CU1903P49000.SHF,20181212,SHFE,1340.0,1276.0,1183.0,1221.0,1099.0,1219.0,1206.0,0.019,1098770.0,556.0
49,CU1903P50000.SHF,20181212,SHFE,1906.0,1849.0,1781.0,1794.0,1616.0,1780.0,1750.0,0.017,1442870.0,206.0
50,CU1903P51000.SHF,20181212,SHFE,2581.0,2509.0,2420.0,2466.0,2254.0,2463.0,2407.0,0.011,1297560.0,130.0
51,CU1903P52000.SHF,20181212,SHFE,3348.0,3286.0,3186.0,3247.0,3002.0,3246.0,3162.0,0.0082,1290650.0,132.0
52,CU1903P53000.SHF,20181212,SHFE,4191.0,4142.0,3858.0,4098.0,3841.0,4074.0,3997.0,0.0074,1470670.0,190.0
53,CU1903P54000.SHF,20181212,SHFE,5089.0,5037.0,4965.0,5015.0,4732.0,5009.0,4891.0,0.009,2194250.0,252.0
54,CU1904C46000.SHF,20181212,SHFE,3596.0,3596.0,0.0,0.0,0.0,3629.0,3629.0,0.0,0.0,76.0
55,CU1904C47000.SHF,20181212,SHFE,2876.0,2876.0,0.0,0.0,0.0,2874.0,2874.0,0.0,0.0,74.0
56,CU1904C48000.SHF,20181212,SHFE,2245.0,2245.0,2296.0,2296.0,2296.0,2296.0,2212.0,0.0002,22960.0,64.0
57,CU1904C49000.SHF,20181212,SHFE,1708.0,1708.0,0.0,0.0,0.0,1650.0,1650.0,0.0,0.0,52.0
58,CU1904C50000.SHF,20181212,SHFE,1266.0,1266.0,0.0,0.0,0.0,1192.0,1192.0,0.0,0.0,66.0
59,CU1904C51000.SHF,20181212,SHFE,913.0,897.0,0.0,0.0,0.0,833.0,833.0,0.0,0.0,74.0
60,CU1904C52000.SHF,20181212,SHFE,640.0,631.0,624.0,625.0,624.0,625.0,563.0,0.0004,12490.0,74.0
61,CU1904C53000.SHF,20181212,SHFE,437.0,437.0,436.0,436.0,423.0,423.0,368.0,0.0006,12820.0,96.0
62,CU1904C54000.SHF,20181212,SHFE,290.0,290.0,295.0,295.0,295.0,295.0,232.0,0.0002,2950.0,220.0
63,CU1904P46000.SHF,20181212,SHFE,519.0,519.0,456.0,456.0,219.0,413.0,383.0,0.002,34170.0,110.0
64,CU1904P47000.SHF,20181212,SHFE,795.0,795.0,0.0,0.0,0.0,624.0,624.0,0.0,0.0,88.0
65,CU1904P48000.SHF,20181212,SHFE,1160.0,1074.0,0.0,0.0,0.0,957.0,957.0,0.0,0.0,102.0
66,CU1904P49000.SHF,20181212,SHFE,1619.0,1619.0,1430.0,1430.0,1430.0,1430.0,1391.0,0.0002,14300.0,58.0
67,CU1904P50000.SHF,20181212,SHFE,2172.0,2172.0,0.0,0.0,0.0,1929.0,1929.0,0.0,0.0,54.0
68,CU1904P51000.SHF,20181212,SHFE,2814.0,2814.0,0.0,0.0,0.0,2566.0,2566.0,0.0,0.0,52.0
69,CU1904P52000.SHF,20181212,SHFE,3538.0,3538.0,0.0,0.0,0.0,3291.0,3291.0,0.0,0.0,46.0
70,CU1904P53000.SHF,20181212,SHFE,4330.0,4330.0,0.0,0.0,0.0,4092.0,4092.0,0.0,0.0,56.0
71,CU1904P54000.SHF,20181212,SHFE,5179.0,5100.0,0.0,0.0,0.0,4952.0,4952.0,0.0,0.0,186.0
72,CU1905C46000.SHF,20181212,SHFE,3727.0,3777.0,0.0,0.0,0.0,3860.0,3860.0,0.0,0.0,76.0
73,CU1905C47000.SHF,20181212,SHFE,3035.0,3035.0,0.0,0.0,0.0,3150.0,3150.0,0.0,0.0,50.0
74,CU1905C48000.SHF,20181212,SHFE,2424.0,2424.0,0.0,0.0,0.0,2520.0,2520.0,0.0,0.0,60.0
75,CU1905C49000.SHF,20181212,SHFE,1897.0,1875.0,1963.0,1963.0,1963.0,1963.0,1976.0,0.0002,19630.0,34.0
76,CU1905C50000.SHF,20181212,SHFE,1455.0,1431.0,0.0,0.0,0.0,1516.0,1516.0,0.0,0.0,62.0
77,CU1905C51000.SHF,20181212,SHFE,1093.0,1095.0,0.0,0.0,0.0,1139.0,1139.0,0.0,0.0,70.0
78,CU1905C52000.SHF,20181212,SHFE,803.0,803.0,0.0,0.0,0.0,838.0,838.0,0.0,0.0,148.0
79,CU1905C53000.SHF,20181212,SHFE,579.0,579.0,643.0,643.0,643.0,643.0,603.0,0.0002,6430.0,150.0
80,CU1905C54000.SHF,20181212,SHFE,408.0,408.0,444.0,463.0,408.0,416.0,425.0,0.001,21470.0,172.0
81,CU1905P46000.SHF,20181212,SHFE,674.0,656.0,589.0,603.0,589.0,600.0,608.0,0.001,29890.0,132.0
82,CU1905P47000.SHF,20181212,SHFE,976.0,939.0,910.0,910.0,867.0,896.0,892.0,0.0008,35410.0,72.0
83,CU1905P48000.SHF,20181212,SHFE,1360.0,1317.0,1293.0,1293.0,1293.0,1293.0,1257.0,0.0002,12930.0,80.0
84,CU1905P49000.SHF,20181212,SHFE,1828.0,1828.0,0.0,0.0,0.0,1707.0,1707.0,0.0,0.0,34.0
85,CU1905P50000.SHF,20181212,SHFE,2380.0,2380.0,0.0,0.0,0.0,2242.0,2242.0,0.0,0.0,118.0
86,CU1905P51000.SHF,20181212,SHFE,3012.0,3012.0,0.0,0.0,0.0,2860.0,2860.0,0.0,0.0,58.0
87,CU1905P52000.SHF,20181212,SHFE,3717.0,3717.0,0.0,0.0,0.0,3553.0,3553.0,0.0,0.0,100.0
88,CU1905P53000.SHF,20181212,SHFE,4487.0,4544.0,0.0,0.0,0.0,4313.0,4313.0,0.0,0.0,50.0
89,CU1905P54000.SHF,20181212,SHFE,5311.0,5311.0,0.0,0.0,0.0,5129.0,5129.0,0.0,0.0,146.0
90,CU1906C46000.SHF,20181212,SHFE,3922.0,3922.0,3953.0,3988.0,3927.0,3927.0,3951.0,0.001,198060.0,90.0
91,CU1906C47000.SHF,20181212,SHFE,3252.0,3252.0,3261.0,3261.0,3261.0,3261.0,3262.0,0.0002,32610.0,58.0
92,CU1906C48000.SHF,20181212,SHFE,2656.0,2656.0,2656.0,2657.0,2590.0,2599.0,2649.0,0.0016,209960.0,70.0
93,CU1906C49000.SHF,20181212,SHFE,2135.0,2135.0,2135.0,2135.0,2079.0,2079.0,2114.0,0.001,105630.0,52.0
94,CU1906C50000.SHF,20181212,SHFE,1689.0,1689.0,1700.0,1700.0,1641.0,1641.0,1658.0,0.0012,100570.0,48.0
95,CU1906C51000.SHF,20181212,SHFE,1315.0,1315.0,1319.0,1354.0,1277.0,1277.0,1277.0,0.0028,184360.0,68.0
96,CU1906C52000.SHF,20181212,SHFE,1008.0,1007.0,1052.0,1052.0,965.0,965.0,967.0,0.0016,78680.0,88.0
97,CU1906C53000.SHF,20181212,SHFE,760.0,767.0,803.0,803.0,729.0,729.0,719.0,0.0016,59730.0,88.0
98,CU1906C54000.SHF,20181212,SHFE,565.0,596.0,600.0,600.0,584.0,584.0,525.0,0.0004,11840.0,60.0
99,CU1906P46000.SHF,20181212,SHFE,843.0,828.0,768.0,790.0,740.0,762.0,733.0,0.003,112750.0,88.0
100,CU1906P47000.SHF,20181212,SHFE,1166.0,1147.0,1062.0,1070.0,1040.0,1070.0,1037.0,0.0032,167800.0,68.0
101,CU1906P48000.SHF,20181212,SHFE,1563.0,1506.0,1436.0,1436.0,1343.0,1421.0,1417.0,0.0034,233330.0,82.0
102,CU1906P49000.SHF,20181212,SHFE,2036.0,2036.0,1880.0,1927.0,1874.0,1927.0,1875.0,0.0012,113640.0,76.0
103,CU1906P50000.SHF,20181212,SHFE,2583.0,2583.0,2411.0,2477.0,2401.0,2477.0,2412.0,0.0012,145230.0,88.0
104,CU1906P51000.SHF,20181212,SHFE,3202.0,3202.0,2991.0,3067.0,2971.0,3067.0,3025.0,0.0016,240420.0,56.0
105,CU1906P52000.SHF,20181212,SHFE,3888.0,3888.0,3663.0,3699.0,3647.0,3699.0,3708.0,0.001,183100.0,60.0
106,CU1906P53000.SHF,20181212,SHFE,4634.0,4634.0,4397.0,4485.0,4376.0,4485.0,4453.0,0.0018,395480.0,46.0
107,CU1906P54000.SHF,20181212,SHFE,5431.0,5541.0,5219.0,5322.0,5219.0,5322.0,5253.0,0.0008,210720.0,56.0
108,CU1907C46000.SHF,20181212,SHFE,4065.0,4065.0,0.0,0.0,0.0,4180.0,4180.0,0.0,0.0,66.0
109,CU1907C47000.SHF,20181212,SHFE,3413.0,3413.0,0.0,0.0,0.0,3512.0,3512.0,0.0,0.0,70.0
110,CU1907C48000.SHF,20181212,SHFE,2828.0,2828.0,0.0,0.0,0.0,2913.0,2913.0,0.0,0.0,32.0
111,CU1907C49000.SHF,20181212,SHFE,2313.0,2313.0,2340.0,2340.0,2340.0,2340.0,2384.0,0.0002,23400.0,48.0
112,CU1907C50000.SHF,20181212,SHFE,1868.0,1868.0,1890.0,1890.0,1890.0,1890.0,1926.0,0.0004,37800.0,58.0
113,CU1907C51000.SHF,20181212,SHFE,1488.0,1488.0,1506.0,1506.0,1506.0,1506.0,1534.0,0.0004,30120.0,36.0
114,CU1907C52000.SHF,20181212,SHFE,1171.0,1200.0,1184.0,1184.0,1181.0,1181.0,1206.0,0.0008,47310.0,176.0
115,CU1907C53000.SHF,20181212,SHFE,909.0,918.0,926.0,928.0,917.0,917.0,936.0,0.0006,27710.0,56.0
116,CU1907C54000.SHF,20181212,SHFE,696.0,721.0,716.0,716.0,683.0,683.0,716.0,0.0006,21150.0,68.0
117,CU1907P46000.SHF,20181212,SHFE,990.0,943.0,893.0,893.0,878.0,878.0,916.0,0.0006,26490.0,54.0
118,CU1907P47000.SHF,20181212,SHFE,1329.0,1330.0,1278.0,1278.0,1212.0,1212.0,1241.0,0.0026,165000.0,64.0
119,CU1907P48000.SHF,20181212,SHFE,1737.0,1692.0,1672.0,1672.0,1594.0,1594.0,1633.0,0.001,82040.0,58.0
120,CU1907P49000.SHF,20181212,SHFE,2214.0,2236.0,2135.0,2135.0,2135.0,2135.0,2097.0,0.0004,42700.0,32.0
121,CU1907P50000.SHF,20181212,SHFE,2761.0,2761.0,2664.0,2664.0,2664.0,2664.0,2630.0,0.0004,53280.0,66.0
122,CU1907P51000.SHF,20181212,SHFE,3373.0,3373.0,3258.0,3258.0,3184.0,3190.0,3231.0,0.0008,128190.0,48.0
123,CU1907P52000.SHF,20181212,SHFE,4047.0,3966.0,3912.0,3912.0,3912.0,3912.0,3895.0,0.0002,39120.0,238.0
124,CU1907P53000.SHF,20181212,SHFE,4777.0,4777.0,0.0,0.0,0.0,4616.0,4616.0,0.0,0.0,32.0
125,CU1907P54000.SHF,20181212,SHFE,5557.0,5557.0,0.0,0.0,0.0,5389.0,5389.0,0.0,0.0,272.0
126,CU1908C46000.SHF,20181212,SHFE,4263.0,4263.0,4345.0,4345.0,4345.0,4345.0,4326.0,0.0002,43450.0,80.0
127,CU1908C47000.SHF,20181212,SHFE,3618.0,3618.0,0.0,0.0,0.0,3673.0,3673.0,0.0,0.0,64.0
128,CU1908C48000.SHF,20181212,SHFE,3037.0,3037.0,0.0,0.0,0.0,3083.0,3083.0,0.0,0.0,42.0
129,CU1908C49000.SHF,20181212,SHFE,2521.0,2530.0,0.0,0.0,0.0,2560.0,2560.0,0.0,0.0,16.0
130,CU1908C50000.SHF,20181212,SHFE,2069.0,2069.0,0.0,0.0,0.0,2101.0,2101.0,0.0,0.0,38.0
131,CU1908C51000.SHF,20181212,SHFE,1679.0,1700.0,1667.0,1667.0,1667.0,1667.0,1705.0,0.0002,16670.0,64.0
132,CU1908C52000.SHF,20181212,SHFE,1348.0,1348.0,1414.0,1414.0,1414.0,1414.0,1368.0,0.0002,14140.0,128.0
133,CU1908C53000.SHF,20181212,SHFE,1070.0,1070.0,0.0,0.0,0.0,1085.0,1085.0,0.0,0.0,56.0
134,CU1908C54000.SHF,20181212,SHFE,841.0,841.0,841.0,841.0,841.0,841.0,852.0,0.0002,8410.0,124.0
135,CU1908P46000.SHF,20181212,SHFE,1093.0,1147.0,1074.0,1074.0,1074.0,1074.0,1047.0,0.0002,10740.0,58.0
136,CU1908P47000.SHF,20181212,SHFE,1438.0,1438.0,0.0,0.0,0.0,1384.0,1384.0,0.0,0.0,64.0
137,CU1908P48000.SHF,20181212,SHFE,1848.0,1848.0,0.0,0.0,0.0,1786.0,1786.0,0.0,0.0,62.0
138,CU1908P49000.SHF,20181212,SHFE,2322.0,2322.0,0.0,0.0,0.0,2252.0,2252.0,0.0,0.0,48.0
139,CU1908P50000.SHF,20181212,SHFE,2861.0,2817.0,0.0,0.0,0.0,2784.0,2784.0,0.0,0.0,56.0
140,CU1908P51000.SHF,20181212,SHFE,3463.0,3460.0,3373.0,3373.0,3373.0,3373.0,3379.0,0.0002,33730.0,72.0
141,CU1908P52000.SHF,20181212,SHFE,4122.0,4117.0,0.0,0.0,0.0,4033.0,4033.0,0.0,0.0,78.0
142,CU1908P53000.SHF,20181212,SHFE,4835.0,4826.0,4705.0,4705.0,4705.0,4705.0,4741.0,0.0002,47050.0,62.0
143,CU1908P54000.SHF,20181212,SHFE,5596.0,5586.0,0.0,0.0,0.0,5498.0,5498.0,0.0,0.0,234.0
144,CU1909C46000.SHF,20181212,SHFE,4375.0,4375.0,4547.0,4547.0,4547.0,4547.0,4501.0,0.0004,90940.0,70.0
145,CU1909C47000.SHF,20181212,SHFE,3742.0,3742.0,3905.0,3905.0,3905.0,3905.0,3861.0,0.0006,117150.0,60.0
146,CU1909C48000.SHF,20181212,SHFE,3170.0,3170.0,3321.0,3321.0,3205.0,3205.0,3281.0,0.0008,131130.0,50.0
147,CU1909C49000.SHF,20181212,SHFE,2659.0,2659.0,0.0,0.0,0.0,2762.0,2762.0,0.0,0.0,26.0
148,CU1909C50000.SHF,20181212,SHFE,2209.0,2209.0,0.0,0.0,0.0,2303.0,2303.0,0.0,0.0,58.0
149,CU1909C51000.SHF,20181212,SHFE,1818.0,1818.0,1840.0,1840.0,1840.0,1840.0,1902.0,0.0002,18400.0,58.0
150,CU1909C52000.SHF,20181212,SHFE,1481.0,1481.0,1517.0,1517.0,1517.0,1517.0,1557.0,0.0002,15170.0,104.0
151,CU1909C53000.SHF,20181212,SHFE,1196.0,1196.0,1237.0,1237.0,1237.0,1237.0,1262.0,0.0002,12370.0,98.0
152,CU1909C54000.SHF,20181212,SHFE,956.0,956.0,0.0,0.0,0.0,1014.0,1014.0,0.0,0.0,88.0
153,CU1909P46000.SHF,20181212,SHFE,1219.0,1274.0,1232.0,1232.0,1162.0,1162.0,1196.0,0.0018,106140.0,58.0
154,CU1909P47000.SHF,20181212,SHFE,1575.0,1620.0,1570.0,1570.0,1517.0,1517.0,1546.0,0.0008,62250.0,96.0
155,CU1909P48000.SHF,20181212,SHFE,1993.0,1993.0,1980.0,1980.0,1980.0,1980.0,1955.0,0.0004,39600.0,54.0
156,CU1909P49000.SHF,20181212,SHFE,2471.0,2423.0,2448.0,2448.0,2448.0,2448.0,2426.0,0.0004,48960.0,36.0
157,CU1909P50000.SHF,20181212,SHFE,3011.0,2956.0,2970.0,2970.0,2862.0,2862.0,2956.0,0.0004,58320.0,114.0
158,CU1909P51000.SHF,20181212,SHFE,3609.0,3549.0,3551.0,3551.0,3551.0,3551.0,3545.0,0.0002,35510.0,62.0
159,CU1909P52000.SHF,20181212,SHFE,4261.0,4261.0,4198.0,4198.0,4198.0,4198.0,4189.0,0.0004,83960.0,160.0
160,CU1909P53000.SHF,20181212,SHFE,4965.0,4965.0,4884.0,4884.0,4783.0,4783.0,4883.0,0.0006,145510.0,328.0
161,CU1909P54000.SHF,20181212,SHFE,5715.0,5715.0,5643.0,5669.0,5643.0,5669.0,5625.0,0.0008,225980.0,244.0
162,CU1910C45000.SHF,20181212,SHFE,5202.0,5110.0,5356.0,5356.0,5356.0,5356.0,5328.0,0.0002,53560.0,120.0
163,CU1910C46000.SHF,20181212,SHFE,4521.0,4521.0,4669.0,4669.0,4669.0,4669.0,4640.0,0.0004,93380.0,56.0
164,CU1910C47000.SHF,20181212,SHFE,3896.0,3979.0,4036.0,4036.0,4036.0,4036.0,4009.0,0.0002,40360.0,44.0
165,CU1910C48000.SHF,20181212,SHFE,3329.0,3329.0,0.0,0.0,0.0,3434.0,3434.0,0.0,0.0,38.0
166,CU1910C49000.SHF,20181212,SHFE,2820.0,2876.0,2872.0,2872.0,2872.0,2872.0,2917.0,0.0002,28720.0,18.0
167,CU1910C50000.SHF,20181212,SHFE,2369.0,2369.0,0.0,0.0,0.0,2457.0,2457.0,0.0,0.0,14.0
168,CU1910C51000.SHF,20181212,SHFE,1973.0,1973.0,0.0,0.0,0.0,2053.0,2053.0,0.0,0.0,28.0
169,CU1910C52000.SHF,20181212,SHFE,1629.0,1629.0,0.0,0.0,0.0,1701.0,1701.0,0.0,0.0,48.0
170,CU1910C53000.SHF,20181212,SHFE,1335.0,1416.0,0.0,0.0,0.0,1398.0,1398.0,0.0,0.0,48.0
171,CU1910C54000.SHF,20181212,SHFE,1084.0,1084.0,0.0,0.0,0.0,1140.0,1140.0,0.0,0.0,34.0
172,CU1910C55000.SHF,20181212,SHFE,874.0,874.0,953.0,953.0,953.0,953.0,922.0,0.0002,9530.0,80.0
173,CU1910C56000.SHF,20181212,SHFE,699.0,699.0,795.0,795.0,752.0,752.0,740.0,0.0016,61090.0,126.0
174,CU1910P45000.SHF,20181212,SHFE,1021.0,1047.0,986.0,1000.0,980.0,1000.0,999.0,0.0018,88560.0,76.0
175,CU1910P46000.SHF,20181212,SHFE,1329.0,1329.0,1315.0,1315.0,1281.0,1281.0,1300.0,0.0012,77240.0,34.0
176,CU1910P47000.SHF,20181212,SHFE,1692.0,1692.0,1666.0,1666.0,1666.0,1666.0,1657.0,0.0002,16660.0,22.0
177,CU1910P48000.SHF,20181212,SHFE,2113.0,2113.0,0.0,0.0,0.0,2070.0,2070.0,0.0,0.0,22.0
178,CU1910P49000.SHF,20181212,SHFE,2593.0,2548.0,0.0,0.0,0.0,2542.0,2542.0,0.0,0.0,18.0
179,CU1910P50000.SHF,20181212,SHFE,3130.0,3130.0,3050.0,3050.0,3050.0,3050.0,3070.0,0.0002,30500.0,20.0
180,CU1910P51000.SHF,20181212,SHFE,3722.0,3672.0,0.0,0.0,0.0,3654.0,3654.0,0.0,0.0,22.0
181,CU1910P52000.SHF,20181212,SHFE,4367.0,4288.0,0.0,0.0,0.0,4290.0,4290.0,0.0,0.0,32.0
182,CU1910P53000.SHF,20181212,SHFE,5060.0,4981.0,4892.0,4892.0,4892.0,4892.0,4976.0,0.0002,48920.0,32.0
183,CU1910P54000.SHF,20181212,SHFE,5798.0,5798.0,0.0,0.0,0.0,5706.0,5706.0,0.0,0.0,192.0
184,CU1910P55000.SHF,20181212,SHFE,6576.0,6576.0,0.0,0.0,0.0,6476.0,6476.0,0.0,0.0,40.0
185,CU1910P56000.SHF,20181212,SHFE,7389.0,7389.0,0.0,0.0,0.0,7283.0,7283.0,0.0,0.0,48.0
186,CU1911C44000.SHF,20181212,SHFE,6043.0,5965.0,0.0,0.0,0.0,6215.0,6215.0,0.0,0.0,24.0
187,CU1911C45000.SHF,20181212,SHFE,5318.0,5338.0,0.0,0.0,0.0,5485.0,5485.0,0.0,0.0,28.0
188,CU1911C46000.SHF,20181212,SHFE,4646.0,4675.0,0.0,0.0,0.0,4806.0,4806.0,0.0,0.0,22.0
189,CU1911C47000.SHF,20181212,SHFE,4027.0,4065.0,0.0,0.0,0.0,4179.0,4179.0,0.0,0.0,24.0
190,CU1911C48000.SHF,20181212,SHFE,3464.0,3509.0,0.0,0.0,0.0,3607.0,3607.0,0.0,0.0,18.0
191,CU1911C49000.SHF,20181212,SHFE,2957.0,3005.0,0.0,0.0,0.0,3091.0,3091.0,0.0,0.0,14.0
192,CU1911C50000.SHF,20181212,SHFE,2505.0,2555.0,2613.0,2613.0,2523.0,2523.0,2628.0,0.0004,51360.0,12.0
193,CU1911C51000.SHF,20181212,SHFE,2105.0,2153.0,2200.0,2234.0,2200.0,2234.0,2219.0,0.0004,44340.0,16.0
194,CU1911C52000.SHF,20181212,SHFE,1757.0,1831.0,0.0,0.0,0.0,1859.0,1859.0,0.0,0.0,22.0
195,CU1911C53000.SHF,20181212,SHFE,1455.0,1531.0,0.0,0.0,0.0,1547.0,1547.0,0.0,0.0,24.0
196,CU1911C54000.SHF,20181212,SHFE,1196.0,1269.0,0.0,0.0,0.0,1278.0,1278.0,0.0,0.0,42.0
197,CU1911C55000.SHF,20181212,SHFE,976.0,1034.0,0.0,0.0,0.0,1048.0,1048.0,0.0,0.0,66.0
198,CU1911P44000.SHF,20181212,SHFE,841.0,865.0,824.0,824.0,824.0,824.0,826.0,0.0002,8240.0,42.0
199,CU1911P45000.SHF,20181212,SHFE,1104.0,1153.0,0.0,0.0,0.0,1083.0,1083.0,0.0,0.0,36.0
200,CU1911P46000.SHF,20181212,SHFE,1418.0,1475.0,0.0,0.0,0.0,1391.0,1391.0,0.0,0.0,22.0
201,CU1911P47000.SHF,20181212,SHFE,1787.0,1787.0,1770.0,1770.0,1770.0,1770.0,1751.0,0.0002,17700.0,16.0
202,CU1911P48000.SHF,20181212,SHFE,2211.0,2174.0,2179.0,2179.0,2175.0,2175.0,2166.0,0.0004,43540.0,12.0
203,CU1911P49000.SHF,20181212,SHFE,2691.0,2661.0,2653.0,2653.0,2645.0,2645.0,2637.0,0.0004,52980.0,18.0
204,CU1911P50000.SHF,20181212,SHFE,3225.0,3181.0,3178.0,3178.0,3178.0,3178.0,3161.0,0.0002,31780.0,22.0
205,CU1911P51000.SHF,20181212,SHFE,3813.0,3848.0,3756.0,3756.0,3756.0,3756.0,3739.0,0.0002,37560.0,22.0
206,CU1911P52000.SHF,20181212,SHFE,4451.0,4360.0,4377.0,4377.0,4377.0,4377.0,4366.0,0.0002,43770.0,28.0
207,CU1911P53000.SHF,20181212,SHFE,5136.0,5301.0,0.0,0.0,0.0,5041.0,5041.0,0.0,0.0,38.0
208,CU1911P54000.SHF,20181212,SHFE,5864.0,6005.0,5768.0,5768.0,5768.0,5768.0,5759.0,0.0002,57680.0,68.0
209,CU1911P55000.SHF,20181212,SHFE,6631.0,6646.0,6525.0,6525.0,6525.0,6525.0,6516.0,0.0002,65250.0,36.0
