,ts_code,trade_date,exchange,pre_settle,pre_close,open,high,low,close,settle,vol,amount,oi
0,10001313.SH,20181212,SSE,0.0311,0.0312,0.0355,0.0368,0.0293,0.0309,0.0307,3.8354,12614354.72,98882.0
1,10001314.SH,20181212,SSE,0.0156,0.0157,0.017,0.019,0.0142,0.015,0.015,1.4472,2349332.88,79980.0
2,10001315.SH,20181212,SSE,0.0073,0.0073,0.0076,0.0085,0.006,0.0062,0.0062,1.0092,693117.76,72370.0
3,10001316.SH,20181212,SSE,0.0028,0.0028,0.0029,0.0042,0.0024,0.0027,0.0027,0.5434,161072.24,55117.0
4,10001317.SH,20181212,SSE,0.0015,0.0015,0.0015,0.0018,0.0012,0.0013,0.0013,0.424,57989.19,61746.0
5,10001318.SH,20181212,SSE,0.0009,0.0009,0.0009,0.0012,0.0008,0.0008,0.0008,0.2067,20700.88,37674.0
6,10001319.SH,20181212,SSE,0.0007,0.0007,0.0007,0.0009,0.0006,0.0006,0.0006,0.2592,18641.09,36807.0
7,10001320.SH,20181212,SSE,0.0005,0.0005,0.0005,0.0007,0.0004,0.0005,0.0005,0.1892,11407.88,36796.0
8,10001321.SH,20181212,SSE,0.0003,0.0003,0.0003,0.0005,0.0002,0.0003,0.0003,0.0735,2908.59,37448.0
9,10001322.SH,20181212,SSE,0.0607,0.0603,0.0536,0.058,0.0495,0.0538,0.0546,2.0206,11038223.25,50252.0
10,10001323.SH,20181212,SSE,0.0959,0.0948,0.0871,0.0925,0.0819,0.0885,0.0893,0.7035,6246015.35,31981.0
11,10001324.SH,20181212,SSE,0.136,0.136,0.1271,0.1331,0.12,0.1292,0.13,0.4203,5431674.37,13731.0
12,10001325.SH,20181212,SSE,0.185,0.1811,0.1729,0.1789,0.1653,0.1735,0.179,0.1821,3171390.66,7266.0
13,10001326.SH,20181212,SSE,0.234,0.2287,0.2204,0.2268,0.2126,0.2268,0.228,0.1869,4183049.55,8477.0
14,10001327.SH,20181212,SSE,0.283,0.279,0.2694,0.2741,0.2616,0.2705,0.277,0.0189,518174.88,3528.0
15,10001328.SH,20181212,SSE,0.332,0.327,0.317,0.324,0.31,0.3192,0.326,0.0983,3201976.26,4481.0
16,10001329.SH,20181212,SSE,0.381,0.3737,0.3624,0.3728,0.36,0.3682,0.375,0.0232,868751.31,2373.0
17,10001330.SH,20181212,SSE,0.43,0.4225,0.412,0.4225,0.4076,0.4175,0.424,0.0179,760996.77,2589.0
18,10001331.SH,20181212,SSE,0.0535,0.0535,0.0596,0.062,0.0519,0.0545,0.0545,2.3744,13565902.4,39782.0
19,10001332.SH,20181212,SSE,0.0342,0.0342,0.0296,0.0321,0.0262,0.0299,0.0299,2.1941,6496590.75,50932.0
20,10001333.SH,20181212,SSE,0.0003,0.0004,0.0006,0.0008,0.0002,0.0003,0.0003,0.1856,7219.96,64909.0
21,10001334.SH,20181212,SSE,0.479,0.4739,0.467,0.4704,0.2377,0.4661,0.473,0.0271,1280427.52,7663.0
22,10001359.SH,20181212,SSE,0.0837,0.0837,0.0935,0.096,0.0841,0.0874,0.0874,0.9219,8390565.53,18607.0
23,10001360.SH,20181212,SSE,0.0158,0.0158,0.0139,0.0147,0.0113,0.0137,0.0137,1.7764,2333339.21,57561.0
24,10001369.SH,20181212,SSE,0.1235,0.1235,0.1314,0.1375,0.124,0.1279,0.1279,0.3404,4548349.5,7431.0
25,10001370.SH,20181212,SSE,0.0062,0.0062,0.0055,0.006,0.0042,0.0056,0.0056,0.955,477806.59,59702.0
26,10001377.SH,20181212,SSE,0.169,0.1686,0.1761,0.1889,0.1692,0.173,0.1732,0.162,2905641.82,7140.0
27,10001378.SH,20181212,SSE,0.0022,0.0022,0.0013,0.0024,0.0013,0.0021,0.0021,0.4079,82705.57,52903.0
28,10001383.SH,20181212,SSE,0.2164,0.2164,0.2232,0.2308,0.2164,0.2207,0.2207,0.0361,824946.98,3007.0
29,10001384.SH,20181212,SSE,0.0013,0.0013,0.0012,0.0013,0.0008,0.0011,0.0011,0.8648,89322.59,36330.0
30,10001411.SH,20181212,SSE,0.2648,0.2648,0.2701,0.2799,0.2651,0.2685,0.2685,0.2851,7929246.39,7495.0
31,10001412.SH,20181212,SSE,0.0006,0.0006,0.0006,0.0008,0.0004,0.0007,0.0006,0.2341,13194.25,60298.0
32,10001417.SH,20181212,SSE,0.1619,0.1608,0.1693,0.1697,0.162,0.166,0.1641,0.0125,209288.93,2427.0
33,10001418.SH,20181212,SSE,0.1322,0.1311,0.1392,0.1418,0.1321,0.1339,0.1339,0.0094,129449.1,4811.0
34,10001419.SH,20181212,SSE,0.1081,0.1078,0.113,0.1143,0.1061,0.1091,0.1085,0.0452,514608.26,7862.0
35,10001420.SH,20181212,SSE,0.0848,0.0848,0.0897,0.0905,0.0849,0.0858,0.0857,0.0102,90547.85,6080.0
36,10001421.SH,20181212,SSE,0.0673,0.0672,0.0699,0.0715,0.0651,0.0667,0.0668,0.0662,455614.18,8168.0
37,10001422.SH,20181212,SSE,0.0513,0.0513,0.0543,0.0553,0.0501,0.0516,0.0518,0.028,149485.83,5579.0
38,10001423.SH,20181212,SSE,0.0388,0.0388,0.0411,0.0416,0.0381,0.039,0.039,0.0444,177549.49,6476.0
39,10001424.SH,20181212,SSE,0.0291,0.0288,0.0304,0.031,0.0283,0.0286,0.0286,0.0365,110906.96,5784.0
40,10001425.SH,20181212,SSE,0.0212,0.0212,0.0213,0.0228,0.0202,0.0207,0.0207,0.072,159113.45,14908.0
41,10001426.SH,20181212,SSE,0.0615,0.0623,0.0582,0.0603,0.0559,0.0585,0.0585,0.0184,108958.38,5491.0
42,10001427.SH,20181212,SSE,0.081,0.0816,0.0771,0.0795,0.0745,0.077,0.0776,0.0141,109901.05,4605.0
43,10001428.SH,20181212,SSE,0.1044,0.1044,0.0993,0.1023,0.093,0.1001,0.1011,0.0255,259788.83,3256.0
44,10001429.SH,20181212,SSE,0.1314,0.1336,0.1255,0.1299,0.124,0.1275,0.1269,0.0079,102445.42,2625.0
45,10001430.SH,20181212,SSE,0.1613,0.1629,0.1542,0.1616,0.1528,0.1616,0.1616,0.0087,137447.47,3765.0
46,10001431.SH,20181212,SSE,0.1947,0.1977,0.186,0.1946,0.1853,0.1901,0.1901,0.0047,91052.85,1311.0
47,10001432.SH,20181212,SSE,0.234,0.2314,0.2205,0.2298,0.2205,0.2248,0.228,0.0041,94551.12,2260.0
48,10001433.SH,20181212,SSE,0.283,0.2727,0.2598,0.2662,0.2575,0.2637,0.277,0.0009,23975.72,1825.0
49,10001434.SH,20181212,SSE,0.332,0.3136,0.3006,0.3094,0.2987,0.3044,0.326,0.0841,2614183.94,4354.0
50,10001435.SH,20181212,SSE,0.1937,0.1904,0.2028,0.2029,0.1966,0.1966,0.197,0.0007,14291.98,926.0
51,10001436.SH,20181212,SSE,0.0459,0.0459,0.0431,0.0444,0.0404,0.0431,0.0429,0.0196,85439.71,3381.0
52,10001437.SH,20181212,SSE,0.2297,0.2273,0.2337,0.239,0.2294,0.2342,0.2328,0.0043,103079.99,1414.0
53,10001438.SH,20181212,SSE,0.0324,0.0324,0.0288,0.0319,0.0275,0.0306,0.0309,0.0456,142922.88,7728.0
54,10001439.SH,20181212,SSE,0.2685,0.2685,0.28,0.28,0.2697,0.2727,0.2725,0.0008,22261.78,1770.0
55,10001440.SH,20181212,SSE,0.0221,0.0221,0.0205,0.0216,0.0197,0.0205,0.0205,0.0782,166055.91,14496.0
56,10001441.SH,20181212,SSE,0.3088,0.3088,0.32,0.323,0.3095,0.3145,0.3145,0.0117,376764.96,6370.0
57,10001442.SH,20181212,SSE,0.0148,0.0148,0.0136,0.0145,0.0123,0.0136,0.0139,0.1038,144113.45,21957.0
58,10001469.SH,20181212,SSE,0.015,0.015,0.0158,0.0174,0.0144,0.0146,0.0146,0.1664,262417.88,21096.0
59,10001470.SH,20181212,SSE,0.381,0.3548,0.349,0.352,0.3402,0.3487,0.375,0.0194,686476.26,4849.0
60,10001501.SH,20181212,SSE,0.2462,0.242,0.2573,0.2578,0.2509,0.2533,0.2508,0.0025,65110.18,576.0
61,10001502.SH,20181212,SSE,0.2157,0.2157,0.2252,0.2267,0.219,0.2205,0.2203,0.0214,487656.62,709.0
62,10001503.SH,20181212,SSE,0.1866,0.1866,0.1956,0.1971,0.1896,0.1912,0.1908,0.0361,713651.32,1946.0
63,10001504.SH,20181212,SSE,0.1622,0.1615,0.1686,0.1709,0.164,0.1647,0.1647,0.0229,391539.5,2839.0
64,10001505.SH,20181212,SSE,0.1385,0.1382,0.1438,0.1457,0.1399,0.1408,0.1406,0.0263,383607.44,2238.0
65,10001506.SH,20181212,SSE,0.1178,0.1178,0.1223,0.1244,0.1182,0.1193,0.1193,0.0349,429636.83,1836.0
66,10001507.SH,20181212,SSE,0.0995,0.0978,0.1034,0.1044,0.099,0.0991,0.0991,0.02,204585.81,1921.0
67,10001508.SH,20181212,SSE,0.083,0.083,0.087,0.0876,0.0831,0.0832,0.0833,0.0444,385390.75,2394.0
68,10001509.SH,20181212,SSE,0.0695,0.0695,0.0731,0.0734,0.0689,0.0692,0.0692,0.0828,592468.91,3378.0
69,10001510.SH,20181212,SSE,0.0682,0.0692,0.0638,0.0666,0.0638,0.0648,0.0652,0.0326,217267.91,2675.0
70,10001511.SH,20181212,SSE,0.0856,0.0856,0.0821,0.0831,0.0796,0.0816,0.0817,0.0403,333596.22,6394.0
71,10001512.SH,20181212,SSE,0.1057,0.1057,0.1008,0.1033,0.0981,0.1007,0.1011,0.031,317539.29,3634.0
72,10001513.SH,20181212,SSE,0.128,0.1281,0.1225,0.1248,0.1195,0.1234,0.1234,0.0331,413443.19,2382.0
73,10001514.SH,20181212,SSE,0.1538,0.1538,0.1483,0.1498,0.1438,0.1484,0.1484,0.0249,372839.23,1494.0
74,10001515.SH,20181212,SSE,0.1816,0.1816,0.1737,0.176,0.1704,0.1744,0.1744,0.0417,738802.31,1865.0
75,10001516.SH,20181212,SSE,0.2113,0.2133,0.204,0.2054,0.1998,0.2048,0.2048,0.0361,750079.61,1528.0
76,10001517.SH,20181212,SSE,0.2423,0.2423,0.2376,0.2383,0.2314,0.2362,0.236,0.0209,499813.32,569.0
77,10001518.SH,20181212,SSE,0.283,0.2792,0.2717,0.272,0.2648,0.2702,0.277,0.0246,677273.03,779.0
78,10001519.SH,20181212,SSE,0.2802,0.276,0.2888,0.2924,0.2855,0.2874,0.285,0.0017,50427.47,2452.0
79,10001520.SH,20181212,SSE,0.0528,0.0528,0.0504,0.0518,0.0498,0.0505,0.051,0.0356,183470.73,2768.0
80,10001521.SH,20181212,SSE,0.3158,0.3133,0.3232,0.3292,0.3201,0.3201,0.3201,0.0136,449505.22,1314.0
81,10001522.SH,20181212,SSE,0.0399,0.0399,0.0381,0.0396,0.0374,0.0388,0.0386,0.0102,39910.22,7793.0
82,10001523.SH,20181212,SSE,0.0574,0.0574,0.06,0.0601,0.0561,0.0562,0.0565,0.0943,555574.39,6093.0
83,10001524.SH,20181212,SSE,0.332,0.3143,0.3047,0.3064,0.2996,0.3064,0.326,0.0279,864285.89,2706.0
84,10001525.SH,20181212,SSE,0.2317,0.2317,0.2406,0.2447,0.2324,0.2356,0.2356,0.0225,551409.94,688.0
85,10001526.SH,20181212,SSE,0.1889,0.1855,0.1973,0.2001,0.1901,0.193,0.1933,0.0086,171235.47,431.0
86,10001527.SH,20181212,SSE,0.1488,0.1476,0.1592,0.1592,0.149,0.152,0.152,0.0252,395933.5,550.0
87,10001528.SH,20181212,SSE,0.1138,0.1131,0.1175,0.1233,0.1136,0.1167,0.1165,0.0276,335095.91,696.0
88,10001529.SH,20181212,SSE,0.0845,0.0857,0.0881,0.0916,0.0829,0.0848,0.0851,0.1147,1013101.45,2614.0
89,10001530.SH,20181212,SSE,0.0611,0.06,0.0611,0.0656,0.0578,0.0607,0.0612,0.1878,1166695.62,3928.0
90,10001531.SH,20181212,SSE,0.0399,0.0397,0.0422,0.045,0.0386,0.0401,0.0397,0.1534,643349.34,4233.0
91,10001532.SH,20181212,SSE,0.0256,0.0256,0.0273,0.0283,0.0243,0.0255,0.0255,0.1277,341693.55,6400.0
92,10001533.SH,20181212,SSE,0.0156,0.0156,0.0168,0.0173,0.0143,0.0151,0.0151,0.105,169814.33,9606.0
93,10001534.SH,20181212,SSE,0.006,0.006,0.0058,0.0059,0.005,0.0055,0.0056,0.1063,58393.19,15711.0
94,10001535.SH,20181212,SSE,0.011,0.011,0.0102,0.0107,0.0092,0.0099,0.0099,0.1105,111862.89,10361.0
95,10001536.SH,20181212,SSE,0.0203,0.0203,0.0183,0.0194,0.0172,0.0183,0.0184,0.1051,197428.08,6406.0
96,10001537.SH,20181212,SSE,0.0344,0.0346,0.0315,0.0335,0.0296,0.0316,0.0316,0.0752,243238.12,5231.0
97,10001538.SH,20181212,SSE,0.0532,0.0532,0.0491,0.0518,0.0468,0.05,0.0499,0.0833,420131.62,3071.0
98,10001539.SH,20181212,SSE,0.0772,0.0767,0.0736,0.0762,0.0693,0.0729,0.0738,0.0865,640547.87,3853.0
99,10001540.SH,20181212,SSE,0.1078,0.108,0.1017,0.1063,0.0978,0.1028,0.1024,0.0701,724628.68,2592.0
100,10001541.SH,20181212,SSE,0.1416,0.1431,0.1356,0.14,0.1313,0.1363,0.1363,0.0169,234616.41,2566.0
101,10001542.SH,20181212,SSE,0.185,0.1819,0.1748,0.1786,0.169,0.176,0.179,0.0156,276886.36,1972.0
102,10001543.SH,20181212,SSE,0.1716,0.1707,0.1806,0.187,0.173,0.1764,0.1764,0.1327,2389727.0,2366.0
103,10001544.SH,20181212,SSE,0.126,0.126,0.1361,0.141,0.127,0.1302,0.1302,0.5142,6855932.0,5784.0
104,10001545.SH,20181212,SSE,0.0859,0.0859,0.0944,0.0982,0.0855,0.0881,0.0881,2.8825,26131308.0,21138.0
105,10001546.SH,20181212,SSE,0.0539,0.0539,0.0596,0.0625,0.0525,0.0555,0.0555,7.3201,41569131.0,53278.0
106,10001547.SH,20181212,SSE,0.0311,0.0311,0.0352,0.0368,0.0294,0.0307,0.0307,7.3618,23674742.0,92862.0
107,10001548.SH,20181212,SSE,0.0156,0.0156,0.0173,0.0186,0.0141,0.015,0.015,3.9512,6316659.0,110146.0
108,10001549.SH,20181212,SSE,0.0068,0.0068,0.0069,0.0085,0.0054,0.0057,0.0057,1.7251,1082039.0,54713.0
109,10001550.SH,20181212,SSE,0.0027,0.0027,0.0029,0.0035,0.0022,0.0026,0.0026,0.8855,233360.0,39112.0
110,10001551.SH,20181212,SSE,0.0015,0.0015,0.0016,0.002,0.001,0.0011,0.001,0.4793,61058.0,19221.0
111,10001552.SH,20181212,SSE,0.0022,0.0022,0.0021,0.0021,0.0015,0.0019,0.0019,0.2081,35363.0,12334.0
112,10001553.SH,20181212,SSE,0.0062,0.0063,0.0051,0.0058,0.0042,0.0053,0.0053,1.4441,713688.0,39833.0
113,10001554.SH,20181212,SSE,0.0151,0.0151,0.0124,0.0143,0.0108,0.0132,0.0132,2.8208,3515708.0,72866.0
114,10001555.SH,20181212,SSE,0.0336,0.0336,0.0288,0.0315,0.0257,0.0296,0.0296,6.1801,17724502.0,62838.0
115,10001556.SH,20181212,SSE,0.0607,0.0607,0.055,0.0584,0.0494,0.0546,0.0546,5.5464,29850485.0,51222.0
116,10001557.SH,20181212,SSE,0.0959,0.0959,0.0874,0.0936,0.0821,0.0893,0.0893,2.088,18338487.0,34808.0
117,10001558.SH,20181212,SSE,0.137,0.1367,0.1277,0.1348,0.1219,0.1291,0.131,0.6475,8246093.0,8562.0
118,10001559.SH,20181212,SSE,0.187,0.1816,0.1694,0.181,0.167,0.1758,0.181,0.2427,4205988.0,3733.0
119,10001560.SH,20181212,SSE,0.237,0.2311,0.2233,0.2303,0.2155,0.2254,0.231,0.2157,4778225.0,2214.0
120,10001561.SH,20181212,SSE,0.192,0.192,0.2059,0.2059,0.1931,0.1967,0.1967,0.0989,1974743.0,4038.0
121,10001562.SH,20181212,SSE,0.1513,0.151,0.158,0.1633,0.1515,0.1552,0.1552,0.1036,1621712.0,3459.0
122,10001563.SH,20181212,SSE,0.1154,0.1154,0.1187,0.125,0.1145,0.1175,0.1176,0.1587,1893755.0,5937.0
123,10001564.SH,20181212,SSE,0.0845,0.0845,0.0875,0.0923,0.0831,0.0867,0.0867,0.5026,4434987.0,6380.0
124,10001565.SH,20181212,SSE,0.0611,0.0611,0.064,0.0658,0.0581,0.0612,0.0612,1.0857,6749488.0,19403.0
125,10001566.SH,20181212,SSE,0.0399,0.0399,0.0423,0.045,0.0381,0.0397,0.0397,0.7845,3215564.0,15842.0
126,10001567.SH,20181212,SSE,0.0254,0.0254,0.0268,0.0276,0.0235,0.0248,0.0248,0.5152,1318054.0,11831.0
127,10001568.SH,20181212,SSE,0.0151,0.0151,0.0162,0.0169,0.0136,0.0145,0.0145,0.3538,535950.0,14041.0
128,10001569.SH,20181212,SSE,0.0086,0.0086,0.0089,0.0094,0.0074,0.0079,0.0079,0.5026,412972.0,19099.0
129,10001570.SH,20181212,SSE,0.0104,0.0104,0.0098,0.0102,0.0087,0.0092,0.0092,0.6607,619491.0,16387.0
130,10001571.SH,20181212,SSE,0.0195,0.0195,0.0179,0.019,0.016,0.0178,0.0178,0.6638,1183895.0,21114.0
131,10001572.SH,20181212,SSE,0.0331,0.0331,0.0303,0.0324,0.0288,0.0308,0.0308,0.7683,2326351.0,16762.0
132,10001573.SH,20181212,SSE,0.052,0.052,0.0463,0.0515,0.046,0.0494,0.0494,0.7565,3664642.0,11796.0
133,10001574.SH,20181212,SSE,0.0772,0.0771,0.0737,0.0767,0.0693,0.074,0.0738,0.5366,3913906.0,14523.0
134,10001575.SH,20181212,SSE,0.1078,0.108,0.1032,0.1064,0.098,0.1022,0.1024,0.233,2371902.0,6800.0
135,10001576.SH,20181212,SSE,0.143,0.143,0.1369,0.1418,0.1315,0.1378,0.1378,0.0966,1323203.0,2619.0
136,10001577.SH,20181212,SSE,0.187,0.1833,0.1764,0.181,0.17,0.176,0.181,0.0385,678988.0,1966.0
137,10001578.SH,20181212,SSE,0.237,0.2263,0.218,0.2242,0.2131,0.2212,0.231,0.0423,931162.0,2289.0
138,10001579.SH,20181212,SSE,0.2318,0.2314,0.243,0.2431,0.2322,0.2353,0.2353,0.0025,59513.0,462.0
139,10001580.SH,20181212,SSE,0.1958,0.1958,0.205,0.205,0.1988,0.1988,0.1988,0.0008,16155.0,234.0
140,10001581.SH,20181212,SSE,0.1631,0.1607,0.1706,0.1708,0.1617,0.1649,0.1649,0.0029,48769.0,105.0
141,10001582.SH,20181212,SSE,0.1337,0.1322,0.14,0.1405,0.1312,0.1349,0.135,0.0446,600515.0,626.0
142,10001583.SH,20181212,SSE,0.1081,0.1081,0.114,0.1152,0.1056,0.1085,0.1085,0.0531,576836.0,1833.0
143,10001584.SH,20181212,SSE,0.0848,0.0848,0.0894,0.092,0.083,0.0857,0.0857,0.0661,566895.0,2956.0
144,10001585.SH,20181212,SSE,0.0659,0.0653,0.0698,0.0718,0.065,0.0664,0.0668,0.038,254578.0,1242.0
145,10001586.SH,20181212,SSE,0.0504,0.0503,0.0534,0.0548,0.0495,0.0513,0.0513,0.0245,125685.0,1400.0
146,10001587.SH,20181212,SSE,0.0379,0.0379,0.0402,0.042,0.0366,0.0381,0.0381,0.03,115896.0,1642.0
147,10001588.SH,20181212,SSE,0.0305,0.0305,0.0291,0.0305,0.0278,0.0283,0.0283,0.0493,142579.0,4335.0
148,10001589.SH,20181212,SSE,0.0442,0.045,0.04,0.0431,0.0399,0.0416,0.0416,0.1328,558196.0,4009.0
149,10001590.SH,20181212,SSE,0.0611,0.0611,0.0575,0.06,0.055,0.0582,0.0582,0.0416,238625.0,1676.0
150,10001591.SH,20181212,SSE,0.0798,0.0798,0.0766,0.0798,0.0741,0.0773,0.0773,0.0488,379631.0,1972.0
151,10001592.SH,20181212,SSE,0.1044,0.1055,0.0995,0.1041,0.0975,0.1011,0.1011,0.0396,401534.0,2160.0
152,10001593.SH,20181212,SSE,0.1314,0.1327,0.1253,0.1314,0.123,0.1278,0.1269,0.0421,540153.0,1650.0
153,10001594.SH,20181212,SSE,0.1619,0.1636,0.1547,0.1608,0.1531,0.1576,0.1616,0.0066,104489.0,629.0
154,10001595.SH,20181212,SSE,0.1965,0.1974,0.1872,0.1944,0.1867,0.19,0.1901,0.0145,275967.0,446.0
155,10001596.SH,20181212,SSE,0.237,0.2348,0.2226,0.2302,0.2226,0.2287,0.231,0.0009,20425.0,248.0
156,10001597.SH,20181212,SSE,0.2828,0.2806,0.2949,0.295,0.2854,0.2866,0.2866,0.0073,212274.0,523.0
157,10001598.SH,20181212,SSE,0.2485,0.2458,0.2594,0.26,0.2544,0.2545,0.2529,0.0026,67055.0,253.0
158,10001599.SH,20181212,SSE,0.2173,0.2145,0.2266,0.2276,0.2204,0.2253,0.2212,0.0049,109688.0,175.0
159,10001600.SH,20181212,SSE,0.1883,0.1883,0.193,0.1967,0.1908,0.1908,0.1908,0.0053,102163.0,226.0
160,10001601.SH,20181212,SSE,0.1622,0.1612,0.1687,0.1723,0.1634,0.1644,0.1647,0.0144,239858.0,501.0
161,10001602.SH,20181212,SSE,0.1385,0.1385,0.1441,0.1453,0.1398,0.1398,0.1406,0.0222,313392.0,981.0
162,10001603.SH,20181212,SSE,0.1171,0.1152,0.1221,0.1222,0.1181,0.1181,0.1181,0.0094,112184.0,796.0
163,10001604.SH,20181212,SSE,0.0982,0.0981,0.1026,0.1032,0.0975,0.0994,0.0986,0.0564,567149.0,1547.0
164,10001605.SH,20181212,SSE,0.0821,0.0821,0.0859,0.086,0.0801,0.0823,0.0822,0.0133,111364.0,743.0
165,10001606.SH,20181212,SSE,0.0514,0.0514,0.0494,0.0506,0.048,0.0495,0.0495,0.0422,207417.0,3325.0
166,10001607.SH,20181212,SSE,0.0669,0.0669,0.0641,0.0661,0.0627,0.0647,0.0647,0.0234,150340.0,996.0
167,10001608.SH,20181212,SSE,0.085,0.085,0.0808,0.0827,0.0786,0.0807,0.0812,0.0217,173843.0,1800.0
168,10001609.SH,20181212,SSE,0.1047,0.1047,0.1003,0.1038,0.0975,0.1011,0.1011,0.0505,503555.0,1907.0
169,10001610.SH,20181212,SSE,0.128,0.128,0.1231,0.1249,0.1197,0.1224,0.1234,0.0155,191247.0,867.0
170,10001611.SH,20181212,SSE,0.1538,0.1565,0.1471,0.1502,0.1429,0.1483,0.1484,0.0248,362805.0,759.0
171,10001612.SH,20181212,SSE,0.1819,0.1831,0.1739,0.1777,0.1717,0.1737,0.1757,0.0044,76498.0,143.0
172,10001613.SH,20181212,SSE,0.2125,0.2142,0.2057,0.2057,0.2013,0.2031,0.2056,0.0018,36592.0,241.0
173,10001614.SH,20181212,SSE,0.2453,0.2474,0.241,0.241,0.2318,0.2377,0.2377,0.0506,1189446.0,584.0
174,10001615.SH,20181212,SSE,0.0008,0.0008,0.0008,0.0012,0.0006,0.0008,0.0006,0.4775,45246.0,7407.0
175,10001616.SH,20181212,SSE,0.287,0.2803,0.2734,0.2817,0.2651,0.2817,0.2817,0.0324,880423.0,642.0
176,10001617.SH,20181212,SSE,0.0048,0.0048,0.0055,0.0056,0.0043,0.0043,0.0043,0.4414,214822.0,13833.0
177,10001618.SH,20181212,SSE,0.287,0.2719,0.2626,0.2706,0.2556,0.267,0.2817,0.032,846273.0,1129.0
178,10001619.SH,20181212,SSE,0.0284,0.0284,0.0297,0.0301,0.0272,0.0272,0.0272,0.0724,205729.0,3652.0
179,10001620.SH,20181212,SSE,0.287,0.2724,0.2608,0.272,0.2608,0.2685,0.2817,0.0063,168833.0,1253.0
180,10001621.SH,20181212,SSE,0.0685,0.0685,0.0721,0.0721,0.0675,0.0676,0.0676,0.0393,273575.0,1871.0
181,10001622.SH,20181212,SSE,0.287,0.2851,0.2754,0.2754,0.2676,0.2702,0.2817,0.0043,116850.0,393.0
182,10001623.SH,20181212,SSE,0.2198,0.2198,0.2283,0.2358,0.2217,0.2266,0.2266,0.0269,614582.0,170.0
183,10001624.SH,20181212,SSE,0.0007,0.0007,0.0006,0.0008,0.0005,0.0008,0.0007,0.0545,3828.0,727.0
184,10001625.SH,20181212,SSE,0.2377,0.237,0.247,0.2526,0.2375,0.2402,0.2411,0.0629,1531707.0,375.0
185,10001626.SH,20181212,SSE,0.0056,0.0057,0.0055,0.0055,0.0045,0.005,0.005,0.1422,72372.0,1692.0
186,10001627.SH,20181212,SSE,0.2707,0.2707,0.2842,0.2842,0.272,0.2766,0.2766,0.0028,77583.0,43.0
187,10001628.SH,20181212,SSE,0.0205,0.0205,0.0199,0.0205,0.0191,0.0198,0.0198,0.1054,208614.0,1923.0
188,10001629.SH,20181212,SSE,0.32,0.3171,0.3266,0.3326,0.3238,0.3238,0.3238,0.0095,312431.0,73.0
189,10001630.SH,20181212,SSE,0.0391,0.0391,0.0374,0.039,0.0369,0.0379,0.0379,0.0231,87877.0,362.0
